0
0.000117781
0.000235561
0.000353342
0.000471122
0.000588903
0.000706684
0.000824464
0.000942245
0.00106003
0.00117781
0.00129568
0.00141347
0.00153125
0.00164904
0.00176683
0.00188462
0.00200241
0.0021202
0.00223799
0.00235578
0.00247356
0.00259135
0.00270914
0.00282693
0.00294472
0.00306251
0.0031803
0.00329809
0.00341587
0.00353366
0.00365145
0.00376924
0.00388703
0.00400482
0.00412261
0.0042404
0.00435818
0.00447597
0.00459376
0.00471155
0.00482934
0.00494713
0.00506492
0.00518271
0.00530049
0.00541828
0.00553607
0.00565386
0.00577165
0.00588944
0.00600723
0.00612502
0.0062428
0.00636059
0.00647838
0.00659617
0.00671396
0.00683175
0.00694954
0.00706733
0.00718511
0.0073029
0.00742069
0.00753848
0.00765627
0.00777406
0.00789185
0.00800964
0.00812742
0.00824521
0.008363
0.00848079
0.00859858
0.00871637
0.00883416
0.00895195
0.00906973
0.00918752
0.00930531
0.0094231
0.00954089
0.00965868
0.00977647
0.00989426
0.010012
0.0101298
0.0102476
0.0103654
0.0104832
0.010601
0.0107188
0.0108366
0.0109544
0.0110721
0.0111899
0.0113077
0.0114255
0.0115433
0.0116611
0.0117789
0.0118967
0.0120145
0.0121322
0.01225
0.0123678
0.0124856
0.0126034
0.0127212
0.012839
0.0129568
0.0130746
0.0131923
0.0133101
0.0134279
0.0135457
0.0136635
0.0137813
0.0138991
0.0140169
0.0141346
0.0142524
0.0143702
0.014488
0.0146058
0.0147236
0.0148414
0.0149592
0.015077
0.0151947
0.0153125
0.0154303
0.0155481
0.0156659
0.0157837
0.0159015
0.0160193
0.0161371
0.0162548
0.0163726
0.0164904
0.0166082
0.016726
0.0168438
0.0169616
0.0170794
0.0171972
0.0173149
0.0174327
0.0175505
0.0176683
0.0177861
0.0179039
0.0180217
0.0181395
0.0182573
0.018375
0.0184928
0.0186106
0.0187284
0.0188462
0.018964
0.0190818
0.0191996
0.0193173
0.0194351
0.0195529
0.0196707
0.0197885
0.0199063
0.0200241
0.0201419
0.0202597
0.0203774
0.0204952
0.020613
0.0207308
0.0208486
0.0209664
0.0210842
0.021202
0.0213198
0.0214375
0.0215553
0.0216731
0.0217909
0.0219087
0.0220265
0.0221443
0.0222621
0.0223799
0.0224976
0.0226154
0.0227332
0.022851
0.0229688
0.0230866
0.0232044
0.0233222
0.0234399
0.0235577
0.0236755
0.0237933
0.0239111
0.0240289
0.0241467
0.0242645
0.0243823
0.0245
0.0246178
0.0247356
0.0248534
0.0249712
0.025089
0.0252068
0.0253246
0.0254424
0.0255601
0.0256779
0.0257957
0.0259135
0.0260313
0.0261491
0.0262669
0.0263847
0.0265024
0.0266202
0.026738
0.0268558
0.0269736
0.0270914
0.0272092
0.027327
0.0274448
0.0275625
0.0276803
0.0277981
0.0279159
0.0280337
0.0281515
0.0282693
0.0283871
0.0285049
0.0286226
0.0287404
0.0288582
0.028976
0.0290938
0.0292116
0.0293294
0.0294472
0.0295649
0.0296827
0.0298005
0.0299183
0.0300361
0.0301539
0.0302717
0.0303895
0.0305073
0.030625
0.0307428
0.0308606
0.0309784
0.0310962
0.031214
0.0313318
0.0314496
0.0315673
0.0316851
0.0318029
0.0319207
0.0320385
0.0321563
0.0322741
0.0323919
0.0325097
0.0326274
0.0327452
0.032863
0.0329808
0.0330986
0.0332164
0.0333342
0.033452
0.0335697
0.0336875
0.0338053
0.0339231
0.0340409
0.0341587
0.0342765
0.0343943
0.0345121
0.0346298
0.0347476
0.0348654
0.0349832
0.035101
0.0352188
0.0353366
0.0354544
0.0355721
0.0356899
0.0358077
0.0359255
0.0360433
0.0361611
0.0362789
0.0363967
0.0365145
0.0366322
0.03675
0.0368678
0.0369856
0.0371034
0.0372212
0.037339
0.0374568
0.0375745
0.0376923
0.0378101
0.0379279
0.0380457
0.0381635
0.0382813
0.0383991
0.0385169
0.0386346
0.0387524
0.0388702
0.038988
0.0391058
0.0392236
0.0393414
0.0394592
0.0395769
0.0396947
0.0398125
0.0399303
0.0400481
0.0401659
0.0402837
0.0404015
0.0405192
0.040637
0.0407548
0.0408726
0.0409904
0.0411082
0.041226
0.0413438
0.0414615
0.0415793
0.0416971
0.0418149
0.0419327
0.0420505
0.0421683
0.0422861
0.0424039
0.0425216
0.0426394
0.0427572
0.042875
0.0429928
0.0431106
0.0432284
0.0433462
0.0434639
0.0435817
0.0436995
0.0438173
0.0439351
0.0440529
0.0441707
0.0442885
0.0444062
0.044524
0.0446418
0.0447596
0.0448774
0.0449952
0.045113
0.0452308
0.0453485
0.0454663
0.0455841
0.0457019
0.0458197
0.0459375
0.0460553
0.0461731
0.0462909
0.0464086
0.0465264
0.0466442
0.046762
0.0468798
0.0469976
0.0471154
0.0472332
0.0473509
0.0474687
0.0475865
0.0477043
0.0478221
0.0479399
0.0480577
0.0481755
0.0482932
0.048411
0.0485288
0.0486466
0.0487644
0.0488822
0.049
0.0491178
0.0492355
0.0493533
0.0494711
0.0495889
0.0497067
0.0498245
0.0499423
0.0500601
0.0501778
0.0502956
0.0504134
0.0505312
0.050649
0.0507668
0.0508846
0.0510024
0.0511201
0.0512379
0.0513557
0.0514735
0.0515913
0.0517091
0.0518269
0.0519447
0.0520624
0.0521802
0.052298
0.0524158
0.0525336
0.0526514
0.0527692
0.052887
0.0530047
0.0531225
0.0532403
0.0533581
0.0534759
0.0535937
0.0537115
0.0538293
0.053947
0.0540648
0.0541826
0.0543004
0.0544182
0.054536
0.0546538
0.0547716
0.0548893
0.0550071
0.0551249
0.0552427
0.0553605
0.0554783
0.0555961
0.0557138
0.0558316
0.0559494
0.0560672
0.056185
0.0563028
0.0564206
0.0565384
0.0566561
0.0567739
0.0568917
0.0570095
0.0571273
0.0572451
0.0573629
0.0574807
0.0575984
0.0577162
0.057834
0.0579518
0.0580696
0.0581874
0.0583052
0.058423
0.0585407
0.0586585
0.0587763
0.0588941
0.0590119
0.0591297
0.0592475
0.0593653
0.059483
0.0596008
0.0597186
0.0598364
0.0599542
0.060072
0.0601898
0.0603075
0.0604253
0.0605431
0.0606609
0.0607787
0.0608965
0.0610143
0.0611321
0.0612498
0.0613676
0.0614854
0.0616032
0.061721
0.0618388
0.0619566
0.0620744
0.0621921
0.0623099
0.0624277
0.0625455
0.0626633
0.0627811
0.0628989
0.0630166
0.0631344
0.0632522
0.06337
0.0634878
0.0636056
0.0637234
0.0638412
0.0639589
0.0640767
0.0641945
0.0643123
0.0644301
0.0645479
0.0646657
0.0647834
0.0649012
0.065019
0.0651368
0.0652546
0.0653724
0.0654902
0.065608
0.0657257
0.0658435
0.0659613
0.0660791
0.0661969
0.0663147
0.0664325
0.0665502
0.066668
0.0667858
0.0669036
0.0670214
0.0671392
0.067257
0.0673748
0.0674925
0.0676103
0.0677281
0.0678459
0.0679637
0.0680815
0.0681993
0.068317
0.0684348
0.0685526
0.0686704
0.0687882
0.068906
0.0690238
0.0691415
0.0692593
0.0693771
0.0694949
0.0696127
0.0697305
0.0698483
0.0699661
0.0700838
0.0702016
0.0703194
0.0704372
0.070555
0.0706728
0.0707906
0.0709083
0.0710261
0.0711439
0.0712617
0.0713795
0.0714973
0.0716151
0.0717328
0.0718506
0.0719684
0.0720862
0.072204
0.0723218
0.0724396
0.0725574
0.0726751
0.0727929
0.0729107
0.0730285
0.0731463
0.0732641
0.0733819
0.0734996
0.0736174
0.0737352
0.073853
0.0739708
0.0740886
0.0742064
0.0743241
0.0744419
0.0745597
0.0746775
0.0747953
0.0749131
0.0750309
0.0751486
0.0752664
0.0753842
0.075502
0.0756198
0.0757376
0.0758554
0.0759731
0.0760909
0.0762087
0.0763265
0.0764443
0.0765621
0.0766799
0.0767976
0.0769154
0.0770332
0.077151
0.0772688
0.0773866
0.0775044
0.0776221
0.0777399
0.0778577
0.0779755
0.0780933
0.0782111
0.0783289
0.0784466
0.0785644
0.0786822
0.0788
0.0789178
0.0790356
0.0791534
0.0792711
0.0793889
0.0795067
0.0796245
0.0797423
0.0798601
0.0799779
0.0800956
0.0802134
0.0803312
0.080449
0.0805668
0.0806846
0.0808024
0.0809201
0.0810379
0.0811557
0.0812735
0.0813913
0.0815091
0.0816269
0.0817446
0.0818624
0.0819802
0.082098
0.0822158
0.0823336
0.0824514
0.0825691
0.0826869
0.0828047
0.0829225
0.0830403
0.0831581
0.0832759
0.0833936
0.0835114
0.0836292
0.083747
0.0838648
0.0839826
0.0841004
0.0842181
0.0843359
0.0844537
0.0845715
0.0846893
0.0848071
0.0849248
0.0850426
0.0851604
0.0852782
0.085396
0.0855138
0.0856316
0.0857493
0.0858671
0.0859849
0.0861027
0.0862205
0.0863383
0.0864561
0.0865738
0.0866916
0.0868094
0.0869272
0.087045
0.0871628
0.0872806
0.0873983
0.0875161
0.0876339
0.0877517
0.0878695
0.0879873
0.088105
0.0882228
0.0883406
0.0884584
0.0885762
0.088694
0.0888118
0.0889295
0.0890473
0.0891651
0.0892829
0.0894007
0.0895185
0.0896362
0.089754
0.0898718
0.0899896
0.0901074
0.0902252
0.090343
0.0904607
0.0905785
0.0906963
0.0908141
0.0909319
0.0910497
0.0911675
0.0912852
0.091403
0.0915208
0.0916386
0.0917564
0.0918742
0.0919919
0.0921097
0.0922275
0.0923453
0.0924631
0.0925809
0.0926987
0.0928164
0.0929342
0.093052
0.0931698
0.0932876
0.0934054
0.0935231
0.0936409
0.0937587
0.0938765
0.0939943
0.0941121
0.0942298
0.0943476
0.0944654
0.0945832
0.094701
0.0948188
0.0949366
0.0950543
0.0951721
0.0952899
0.0954077
0.0955255
0.0956433
0.095761
0.0958788
0.0959966
0.0961144
0.0962322
0.09635
0.0964677
0.0965855
0.0967033
0.0968211
0.0969389
0.0970567
0.0971745
0.0972922
0.09741
0.0975278
0.0976456
0.0977634
0.0978812
0.0979989
0.0981167
0.0982345
0.0983523
0.0984701
0.0985879
0.0987056
0.0988234
0.0989412
0.099059
0.0991768
0.0992946
0.0994123
0.0995301
0.0996479
0.0997657
0.0998835
0.100001
0.100119
0.100237
0.100355
0.100472
0.10059
0.100708
0.100826
0.100944
0.101061
0.101179
0.101297
0.101415
0.101532
0.10165
0.101768
0.101886
0.102004
0.102121
0.102239
0.102357
0.102475
0.102593
0.10271
0.102828
0.102946
0.103064
0.103181
0.103299
0.103417
0.103535
0.103653
0.10377
0.103888
0.104006
0.104124
0.104241
0.104359
0.104477
0.104595
0.104713
0.10483
0.104948
0.105066
0.105184
0.105302
0.105419
0.105537
0.105655
0.105773
0.10589
0.106008
0.106126
0.106244
0.106362
0.106479
0.106597
0.106715
0.106833
0.10695
0.107068
0.107186
0.107304
0.107422
0.107539
0.107657
0.107775
0.107893
0.108011
0.108128
0.108246
0.108364
0.108482
0.108599
0.108717
0.108835
0.108953
0.109071
0.109188
0.109306
0.109424
0.109542
0.10966
0.109777
0.109895
0.110013
0.110131
0.110248
0.110366
0.110484
0.110602
0.11072
0.110837
0.110955
0.111073
0.111191
0.111308
0.111426
0.111544
0.111662
0.11178
0.111897
0.112015
0.112133
0.112251
0.112369
0.112486
0.112604
0.112722
0.11284
0.112957
0.113075
0.113193
0.113311
0.113429
0.113546
0.113664
0.113782
0.1139
0.114017
0.114135
0.114253
0.114371
0.114489
0.114606
0.114724
0.114842
0.11496
0.115077
0.115195
0.115313
0.115431
0.115549
0.115666
0.115784
0.115902
0.11602
0.116138
0.116255
0.116373
0.116491
0.116609
0.116726
0.116844
0.116962
0.11708
0.117198
0.117315
0.117433
0.117551
0.117669
0.117786
0.117904
0.118022
0.11814
0.118258
0.118375
0.118493
0.118611
0.118729
0.118847
0.118964
0.119082
0.1192
0.119318
0.119435
0.119553
0.119671
0.119789
0.119907
0.120024
0.120142
0.12026
0.120378
0.120495
0.120613
0.120731
0.120849
0.120967
0.121084
0.121202
0.12132
0.121438
0.121555
0.121673
0.121791
0.121909
0.122027
0.122144
0.122262
0.12238
0.122498
0.122616
0.122733
0.122851
0.122969
0.123087
0.123204
0.123322
0.12344
0.123558
0.123676
0.123793
0.123911
0.124029
0.124147
0.124264
0.124382
0.1245
0.124618
0.124736
0.124853
0.124971
0.125089
0.125207
0.125324
0.125442
0.12556
0.125678
0.125796
0.125913
0.126031
0.126149
0.126267
0.126385
0.126502
0.12662
0.126738
0.126856
0.126973
0.127091
0.127209
0.127327
0.127445
0.127562
0.12768
0.127798
0.127916
0.128033
0.128151
0.128269
0.128387
0.128505
0.128622
0.12874
0.128858
0.128976
0.129093
0.129211
0.129329
0.129447
0.129565
0.129682
0.1298
0.129918
0.130036
0.130154
0.130271
0.130389
0.130507
0.130625
0.130742
0.13086
0.130978
0.131096
0.131214
0.131331
0.131449
0.131567
0.131685
0.131802
0.13192
0.132038
0.132156
0.132274
0.132391
0.132509
0.132627
0.132745
0.132862
0.13298
0.133098
0.133216
0.133334
0.133451
0.133569
0.133687
0.133805
0.133922
0.13404
0.134158
0.134276
0.134394
0.134511
0.134629
0.134747
0.134865
0.134982
0.1351
0.135218
0.135336
0.135454
0.135571
0.135689
0.135807
0.135925
0.136043
0.13616
0.136278
0.136396
0.136514
0.136631
0.136749
0.136867
0.136985
0.137103
0.13722
0.137338
0.137456
0.137574
0.137691
0.137809
0.137927
0.138045
0.138163
0.13828
0.138398
0.138516
0.138634
0.138751
0.138869
0.138987
0.139105
0.139223
0.13934
0.139458
0.139576
0.139694
0.139811
0.139929
0.140047
0.140165
0.140283
0.1404
0.140518
0.140636
0.140754
0.140871
0.140989
0.141107
0.141225
0.141343
0.14146
0.141578
0.141696
0.141814
0.141931
0.142049
0.142167
0.142285
0.142403
0.14252
0.142638
0.142756
0.142874
0.142991
0.143109
0.143227
0.143345
0.143463
0.14358
0.143698
0.143816
0.143934
0.144051
0.144169
0.144287
0.144405
0.144523
0.14464
0.144758
0.144876
0.144994
0.145111
0.145229
0.145347
0.145465
0.145583
0.1457
0.145818
0.145936
0.146054
0.146171
0.146289
0.146407
0.146525
0.146643
0.14676
0.146878
0.146996
0.147114
0.147232
0.147349
0.147467
0.147585
0.147703
0.14782
0.147938
0.148056
0.148174
0.148292
0.148409
0.148527
0.148645
0.148763
0.14888
0.148998
0.149116
0.149234
0.149352
0.149469
0.149587
0.149705
0.149823
0.14994
0.150058
0.150176
0.150294
0.150412
0.150529
0.150647
0.150765
0.150883
0.151
0.151118
0.151236
0.151354
0.151472
0.151589
0.151707
0.151825
0.151943
0.15206
0.152178
0.152296
0.152414
0.152532
0.152649
0.152767
0.152885
0.153003
0.15312
0.153238
0.153356
0.153474
0.153592
0.153709
0.153827
0.153945
0.154063
0.15418
0.154298
0.154416
0.154534
0.154652
0.154769
0.154887
0.155005
0.155123
0.15524
0.155358
0.155476
0.155594
0.155712
0.155829
0.155947
0.156065
0.156183
0.1563
0.156418
0.156536
0.156654
0.156772
0.156889
0.157007
0.157125
0.157243
0.15736
0.157478
0.157596
0.157714
0.157832
0.157949
0.158067
0.158185
0.158303
0.15842
0.158538
0.158656
0.158774
0.158892
0.159009
0.159127
0.159245
0.159363
0.15948
0.159598
0.159716
0.159834
0.159952
0.160069
0.160187
0.160305
0.160423
0.16054
0.160658
0.160776
0.160894
0.161011
0.161129
0.161247
0.161365
0.161483
0.1616
0.161718
0.161836
0.161954
0.162071
0.162189
0.162307
0.162425
0.162543
0.16266
0.162778
0.162896
0.163014
0.163131
0.163249
0.163367
0.163485
0.163603
0.16372
0.163838
0.163956
0.164074
0.164191
0.164309
0.164427
0.164545
0.164663
0.16478
0.164898
0.165016
0.165134
0.165251
0.165369
0.165487
0.165605
0.165723
0.16584
0.165958
0.166076
0.166194
0.166311
0.166429
0.166547
0.166665
0.166782
0.1669
0.167018
0.167136
0.167254
0.167371
0.167489
0.167607
0.167725
0.167842
0.16796
0.168078
0.168196
0.168314
0.168431
0.168549
0.168667
0.168785
0.168902
0.16902
0.169138
0.169256
0.169374
0.169491
0.169609
0.169727
0.169845
0.169962
0.17008
0.170198
0.170316
0.170434
0.170551
0.170669
0.170787
0.170905
0.171022
0.17114
0.171258
0.171376
0.171493
0.171611
0.171729
0.171847
0.171965
0.172082
0.1722
0.172318
0.172436
0.172553
0.172671
0.172789
0.172907
0.173025
0.173142
0.17326
0.173378
0.173496
0.173613
0.173731
0.173849
0.173967
0.174085
0.174202
0.17432
0.174438
0.174556
0.174673
0.174791
0.174909
0.175027
0.175144
0.175262
0.17538
0.175498
0.175616
0.175733
0.175851
0.175969
0.176087
0.176204
0.176322
0.17644
0.176558
0.176676
0.176793
0.176911
0.177029
0.177147
0.177264
0.177382
0.1775
0.177618
0.177735
0.177853
0.177971
0.178089
0.178207
0.178324
0.178442
0.17856
0.178678
0.178795
0.178913
0.179031
0.179149
0.179267
0.179384
0.179502
0.17962
0.179738
0.179855
0.179973
0.180091
0.180209
0.180326
0.180444
0.180562
0.18068
0.180798
0.180915
0.181033
0.181151
0.181269
0.181386
0.181504
0.181622
0.18174
0.181858
0.181975
0.182093
0.182211
0.182329
0.182446
0.182564
0.182682
0.1828
0.182917
0.183035
0.183153
0.183271
0.183389
0.183506
0.183624
0.183742
0.18386
0.183977
0.184095
0.184213
0.184331
0.184449
0.184566
0.184684
0.184802
0.18492
0.185037
0.185155
0.185273
0.185391
0.185508
0.185626
0.185744
0.185862
0.18598
0.186097
0.186215
0.186333
0.186451
0.186568
0.186686
0.186804
0.186922
0.18704
0.187157
0.187275
0.187393
0.187511
0.187628
0.187746
0.187864
0.187982
0.188099
0.188217
0.188335
0.188453
0.188571
0.188688
0.188806
0.188924
0.189042
0.189159
0.189277
0.189395
0.189513
0.18963
0.189748
0.189866
0.189984
0.190102
0.190219
0.190337
0.190455
0.190573
0.19069
0.190808
0.190926
0.191044
0.191161
0.191279
0.191397
0.191515
0.191633
0.19175
0.191868
0.191986
0.192104
0.192221
0.192339
0.192457
0.192575
0.192693
0.19281
0.192928
0.193046
0.193164
0.193281
0.193399
0.193517
0.193635
0.193752
0.19387
0.193988
0.194106
0.194224
0.194341
0.194459
0.194577
0.194695
0.194812
0.19493
0.195048
0.195166
0.195283
0.195401
0.195519
0.195637
0.195755
0.195872
0.19599
0.196108
0.196226
0.196343
0.196461
0.196579
0.196697
0.196814
0.196932
0.19705
0.197168
0.197286
0.197403
0.197521
0.197639
0.197757
0.197874
0.197992
0.19811
0.198228
0.198345
0.198463
0.198581
0.198699
0.198817
0.198934
0.199052
0.19917
0.199288
0.199405
0.199523
0.199641
0.199759
0.199876
0.199994
0.200112
0.20023
0.200348
0.200465
0.200583
0.200701
0.200819
0.200936
0.201054
0.201172
0.20129
0.201407
0.201525
0.201643
0.201761
0.201879
0.201996
0.202114
0.202232
0.20235
0.202467
0.202585
0.202703
0.202821
0.202938
0.203056
0.203174
0.203292
0.20341
0.203527
0.203645
0.203763
0.203881
0.203998
0.204116
0.204234
0.204352
0.204469
0.204587
0.204705
0.204823
0.204941
0.205058
0.205176
0.205294
0.205412
0.205529
0.205647
0.205765
0.205883
0.206
0.206118
0.206236
0.206354
0.206472
0.206589
0.206707
0.206825
0.206943
0.20706
0.207178
0.207296
0.207414
0.207531
0.207649
0.207767
0.207885
0.208002
0.20812
0.208238
0.208356
0.208474
0.208591
0.208709
0.208827
0.208945
0.209062
0.20918
0.209298
0.209416
0.209533
0.209651
0.209769
0.209887
0.210005
0.210122
0.21024
0.210358
0.210476
0.210593
0.210711
0.210829
0.210947
0.211064
0.211182
0.2113
0.211418
0.211535
0.211653
0.211771
0.211889
0.212007
0.212124
0.212242
0.21236
0.212478
0.212595
0.212713
0.212831
0.212949
0.213066
0.213184
0.213302
0.21342
0.213538
0.213655
0.213773
0.213891
0.214009
0.214126
0.214244
0.214362
0.21448
0.214597
0.214715
0.214833
0.214951
0.215068
0.215186
0.215304
0.215422
0.21554
0.215657
0.215775
0.215893
0.216011
0.216128
0.216246
0.216364
0.216482
0.216599
0.216717
0.216835
0.216953
0.217071
0.217188
0.217306
0.217424
0.217542
0.217659
0.217777
0.217895
0.218013
0.21813
0.218248
0.218366
0.218484
0.218601
0.218719
0.218837
0.218955
0.219073
0.21919
0.219308
0.219426
0.219544
0.219661
0.219779
0.219897
0.220015
0.220132
0.22025
0.220368
0.220486
0.220603
0.220721
0.220839
0.220957
0.221075
0.221192
0.22131
0.221428
0.221546
0.221663
0.221781
0.221899
0.222017
0.222134
0.222252
0.22237
0.222488
0.222605
0.222723
0.222841
0.222959
0.223077
0.223194
0.223312
0.22343
0.223548
0.223665
0.223783
0.223901
0.224019
0.224136
0.224254
0.224372
0.22449
0.224607
0.224725
0.224843
0.224961
0.225078
0.225196
0.225314
0.225432
0.22555
0.225667
0.225785
0.225903
0.226021
0.226138
0.226256
0.226374
0.226492
0.226609
0.226727
0.226845
0.226963
0.22708
0.227198
0.227316
0.227434
0.227552
0.227669
0.227787
0.227905
0.228023
0.22814
0.228258
0.228376
0.228494
0.228611
0.228729
0.228847
0.228965
0.229082
0.2292
0.229318
0.229436
0.229554
0.229671
0.229789
0.229907
0.230025
0.230142
0.23026
0.230378
0.230496
0.230613
0.230731
0.230849
0.230967
0.231084
0.231202
0.23132
0.231438
0.231555
0.231673
0.231791
0.231909
0.232027
0.232144
0.232262
0.23238
0.232498
0.232615
0.232733
0.232851
0.232969
0.233086
0.233204
0.233322
0.23344
0.233557
0.233675
0.233793
0.233911
0.234028
0.234146
0.234264
0.234382
0.2345
0.234617
0.234735
0.234853
0.234971
0.235088
0.235206
0.235324
0.235442
0.235559
0.235677
0.235795
0.235913
0.23603
0.236148
0.236266
0.236384
0.236501
0.236619
0.236737
0.236855
0.236973
0.23709
0.237208
0.237326
0.237444
0.237561
0.237679
0.237797
0.237915
0.238032
0.23815
0.238268
0.238386
0.238503
0.238621
0.238739
0.238857
0.238974
0.239092
0.23921
0.239328
0.239445
0.239563
0.239681
0.239799
0.239917
0.240034
0.240152
0.24027
0.240388
0.240505
0.240623
0.240741
0.240859
0.240976
0.241094
0.241212
0.24133
0.241447
0.241565
0.241683
0.241801
0.241918
0.242036
0.242154
0.242272
0.242389
0.242507
0.242625
0.242743
0.242861
0.242978
0.243096
0.243214
0.243332
0.243449
0.243567
0.243685
0.243803
0.24392
0.244038
0.244156
0.244274
0.244391
0.244509
0.244627
0.244745
0.244862
0.24498
0.245098
0.245216
0.245333
0.245451
0.245569
0.245687
0.245805
0.245922
0.24604
0.246158
0.246276
0.246393
0.246511
0.246629
0.246747
0.246864
0.246982
0.2471
0.247218
0.247335
0.247453
0.247571
0.247689
0.247806
0.247924
0.248042
0.24816
0.248277
0.248395
0.248513
0.248631
0.248748
0.248866
0.248984
0.249102
0.24922
0.249337
0.249455
0.249573
0.249691
0.249808
0.249926
0.250044
0.250162
0.250279
0.250397
0.250515
0.250633
0.25075
0.250868
0.250986
0.251104
0.251221
0.251339
0.251457
0.251575
0.251692
0.25181
0.251928
0.252046
0.252163
0.252281
0.252399
0.252517
0.252634
0.252752
0.25287
0.252988
0.253106
0.253223
0.253341
0.253459
0.253577
0.253694
0.253812
0.25393
0.254048
0.254165
0.254283
0.254401
0.254519
0.254636
0.254754
0.254872
0.25499
0.255107
0.255225
0.255343
0.255461
0.255578
0.255696
0.255814
0.255932
0.256049
0.256167
0.256285
0.256403
0.25652
0.256638
0.256756
0.256874
0.256991
0.257109
0.257227
0.257345
0.257463
0.25758
0.257698
0.257816
0.257934
0.258051
0.258169
0.258287
0.258405
0.258522
0.25864
0.258758
0.258876
0.258993
0.259111
0.259229
0.259347
0.259464
0.259582
0.2597
0.259818
0.259935
0.260053
0.260171
0.260289
0.260406
0.260524
0.260642
0.26076
0.260877
0.260995
0.261113
0.261231
0.261348
0.261466
0.261584
0.261702
0.261819
0.261937
0.262055
0.262173
0.26229
0.262408
0.262526
0.262644
0.262762
0.262879
0.262997
0.263115
0.263233
0.26335
0.263468
0.263586
0.263704
0.263821
0.263939
0.264057
0.264175
0.264292
0.26441
0.264528
0.264646
0.264763
0.264881
0.264999
0.265117
0.265234
0.265352
0.26547
0.265588
0.265705
0.265823
0.265941
0.266059
0.266176
0.266294
0.266412
0.26653
0.266647
0.266765
0.266883
0.267001
0.267118
0.267236
0.267354
0.267472
0.267589
0.267707
0.267825
0.267943
0.26806
0.268178
0.268296
0.268414
0.268531
0.268649
0.268767
0.268885
0.269002
0.26912
0.269238
0.269356
0.269473
0.269591
0.269709
0.269827
0.269944
0.270062
0.27018
0.270298
0.270415
0.270533
0.270651
0.270769
0.270887
0.271004
0.271122
0.27124
0.271358
0.271475
0.271593
0.271711
0.271829
0.271946
0.272064
0.272182
0.2723
0.272417
0.272535
0.272653
0.272771
0.272888
0.273006
0.273124
0.273242
0.273359
0.273477
0.273595
0.273713
0.27383
0.273948
0.274066
0.274184
0.274301
0.274419
0.274537
0.274655
0.274772
0.27489
0.275008
0.275126
0.275243
0.275361
0.275479
0.275597
0.275714
0.275832
0.27595
0.276068
0.276185
0.276303
0.276421
0.276539
0.276656
0.276774
0.276892
0.27701
0.277127
0.277245
0.277363
0.277481
0.277598
0.277716
0.277834
0.277952
0.278069
0.278187
0.278305
0.278423
0.27854
0.278658
0.278776
0.278894
0.279011
0.279129
0.279247
0.279365
0.279482
0.2796
0.279718
0.279836
0.279953
0.280071
0.280189
0.280307
0.280424
0.280542
0.28066
0.280778
0.280895
0.281013
0.281131
0.281249
0.281366
0.281484
0.281602
0.28172
0.281837
0.281955
0.282073
0.282191
0.282308
0.282426
0.282544
0.282662
0.282779
0.282897
0.283015
0.283133
0.28325
0.283368
0.283486
0.283604
0.283721
0.283839
0.283957
0.284075
0.284192
0.28431
0.284428
0.284546
0.284663
0.284781
0.284899
0.285017
0.285134
0.285252
0.28537
0.285488
0.285605
0.285723
0.285841
0.285959
0.286076
0.286194
0.286312
0.28643
0.286547
0.286665
0.286783
0.286901
0.287018
0.287136
0.287254
0.287372
0.287489
0.287607
0.287725
0.287843
0.28796
0.288078
0.288196
0.288314
0.288431
0.288549
0.288667
0.288785
0.288902
0.28902
0.289138
0.289256
0.289373
0.289491
0.289609
0.289727
0.289844
0.289962
0.29008
0.290198
0.290315
0.290433
0.290551
0.290669
0.290786
0.290904
0.291022
0.291139
0.291257
0.291375
0.291493
0.29161
0.291728
0.291846
0.291964
0.292081
0.292199
0.292317
0.292435
0.292552
0.29267
0.292788
0.292906
0.293023
0.293141
0.293259
0.293377
0.293494
0.293612
0.29373
0.293848
0.293965
0.294083
0.294201
0.294319
0.294436
0.294554
0.294672
0.29479
0.294907
0.295025
0.295143
0.295261
0.295378
0.295496
0.295614
0.295732
0.295849
0.295967
0.296085
0.296203
0.29632
0.296438
0.296556
0.296674
0.296791
0.296909
0.297027
0.297145
0.297262
0.29738
0.297498
0.297616
0.297733
0.297851
0.297969
0.298087
0.298204
0.298322
0.29844
0.298557
0.298675
0.298793
0.298911
0.299028
0.299146
0.299264
0.299382
0.299499
0.299617
0.299735
0.299853
0.29997
0.300088
0.300206
0.300324
0.300441
0.300559
0.300677
0.300795
0.300912
0.30103
0.301148
0.301266
0.301383
0.301501
0.301619
0.301737
0.301854
0.301972
0.30209
0.302208
0.302325
0.302443
0.302561
0.302679
0.302796
0.302914
0.303032
0.30315
0.303267
0.303385
0.303503
0.30362
0.303738
0.303856
0.303974
0.304091
0.304209
0.304327
0.304445
0.304562
0.30468
0.304798
0.304916
0.305033
0.305151
0.305269
0.305387
0.305504
0.305622
0.30574
0.305858
0.305975
0.306093
0.306211
0.306329
0.306446
0.306564
0.306682
0.3068
0.306917
0.307035
0.307153
0.307271
0.307388
0.307506
0.307624
0.307741
0.307859
0.307977
0.308095
0.308212
0.30833
0.308448
0.308566
0.308683
0.308801
0.308919
0.309037
0.309154
0.309272
0.30939
0.309508
0.309625
0.309743
0.309861
0.309979
0.310096
0.310214
0.310332
0.31045
0.310567
0.310685
0.310803
0.310921
0.311038
0.311156
0.311274
0.311391
0.311509
0.311627
0.311745
0.311862
0.31198
0.312098
0.312216
0.312333
0.312451
0.312569
0.312687
0.312804
0.312922
0.31304
0.313158
0.313275
0.313393
0.313511
0.313629
0.313746
0.313864
0.313982
0.3141
0.314217
0.314335
0.314453
0.31457
0.314688
0.314806
0.314924
0.315041
0.315159
0.315277
0.315395
0.315512
0.31563
0.315748
0.315866
0.315983
0.316101
0.316219
0.316337
0.316454
0.316572
0.31669
0.316808
0.316925
0.317043
0.317161
0.317278
0.317396
0.317514
0.317632
0.317749
0.317867
0.317985
0.318103
0.31822
0.318338
0.318456
0.318574
0.318691
0.318809
0.318927
0.319045
0.319162
0.31928
0.319398
0.319516
0.319633
0.319751
0.319869
0.319986
0.320104
0.320222
0.32034
0.320457
0.320575
0.320693
0.320811
0.320928
0.321046
0.321164
0.321282
0.321399
0.321517
0.321635
0.321753
0.32187
0.321988
0.322106
0.322224
0.322341
0.322459
0.322577
0.322694
0.322812
0.32293
0.323048
0.323165
0.323283
0.323401
0.323519
0.323636
0.323754
0.323872
0.32399
0.324107
0.324225
0.324343
0.324461
0.324578
0.324696
0.324814
0.324931
0.325049
0.325167
0.325285
0.325402
0.32552
0.325638
0.325756
0.325873
0.325991
0.326109
0.326227
0.326344
0.326462
0.32658
0.326698
0.326815
0.326933
0.327051
0.327168
0.327286
0.327404
0.327522
0.327639
0.327757
0.327875
0.327993
0.32811
0.328228
0.328346
0.328464
0.328581
0.328699
0.328817
0.328934
0.329052
0.32917
0.329288
0.329405
0.329523
0.329641
0.329759
0.329876
0.329994
0.330112
0.33023
0.330347
0.330465
0.330583
0.330701
0.330818
0.330936
0.331054
0.331171
0.331289
0.331407
0.331525
0.331642
0.33176
0.331878
0.331996
0.332113
0.332231
0.332349
0.332467
0.332584
0.332702
0.33282
0.332937
0.333055
0.333173
0.333291
0.333408
0.333526
0.333644
0.333762
0.333879
0.333997
0.334115
0.334233
0.33435
0.334468
0.334586
0.334703
0.334821
0.334939
0.335057
0.335174
0.335292
0.33541
0.335528
0.335645
0.335763
0.335881
0.335999
0.336116
0.336234
0.336352
0.336469
0.336587
0.336705
0.336823
0.33694
0.337058
0.337176
0.337294
0.337411
0.337529
0.337647
0.337765
0.337882
0.338
0.338118
0.338235
0.338353
0.338471
0.338589
0.338706
0.338824
0.338942
0.33906
0.339177
0.339295
0.339413
0.339531
0.339648
0.339766
0.339884
0.340001
0.340119
0.340237
0.340355
0.340472
0.34059
0.340708
0.340826
0.340943
0.341061
0.341179
0.341297
0.341414
0.341532
0.34165
0.341767
0.341885
0.342003
0.342121
0.342238
0.342356
0.342474
0.342592
0.342709
0.342827
0.342945
0.343062
0.34318
0.343298
0.343416
0.343533
0.343651
0.343769
0.343887
0.344004
0.344122
0.34424
0.344358
0.344475
0.344593
0.344711
0.344828
0.344946
0.345064
0.345182
0.345299
0.345417
0.345535
0.345653
0.34577
0.345888
0.346006
0.346123
0.346241
0.346359
0.346477
0.346594
0.346712
0.34683
0.346948
0.347065
0.347183
0.347301
0.347419
0.347536
0.347654
0.347772
0.347889
0.348007
0.348125
0.348243
0.34836
0.348478
0.348596
0.348714
0.348831
0.348949
0.349067
0.349184
0.349302
0.34942
0.349538
0.349655
0.349773
0.349891
0.350009
0.350126
0.350244
0.350362
0.350479
0.350597
0.350715
0.350833
0.35095
0.351068
0.351186
0.351304
0.351421
0.351539
0.351657
0.351774
0.351892
0.35201
0.352128
0.352245
0.352363
0.352481
0.352599
0.352716
0.352834
0.352952
0.353069
0.353187
0.353305
0.353423
0.35354
0.353658
0.353776
0.353894
0.354011
0.354129
0.354247
0.354364
0.354482
0.3546
0.354718
0.354835
0.354953
0.355071
0.355189
0.355306
0.355424
0.355542
0.355659
0.355777
0.355895
0.356013
0.35613
0.356248
0.356366
0.356484
0.356601
0.356719
0.356837
0.356954
0.357072
0.35719
0.357308
0.357425
0.357543
0.357661
0.357779
0.357896
0.358014
0.358132
0.358249
0.358367
0.358485
0.358603
0.35872
0.358838
0.358956
0.359074
0.359191
0.359309
0.359427
0.359544
0.359662
0.35978
0.359898
0.360015
0.360133
0.360251
0.360369
0.360486
0.360604
0.360722
0.360839
0.360957
0.361075
0.361193
0.36131
0.361428
0.361546
0.361663
0.361781
0.361899
0.362017
0.362134
0.362252
0.36237
0.362488
0.362605
0.362723
0.362841
0.362958
0.363076
0.363194
0.363312
0.363429
0.363547
0.363665
0.363783
0.3639
0.364018
0.364136
0.364253
0.364371
0.364489
0.364607
0.364724
0.364842
0.36496
0.365077
0.365195
0.365313
0.365431
0.365548
0.365666
0.365784
0.365902
0.366019
0.366137
0.366255
0.366372
0.36649
0.366608
0.366726
0.366843
0.366961
0.367079
0.367196
0.367314
0.367432
0.36755
0.367667
0.367785
0.367903
0.368021
0.368138
0.368256
0.368374
0.368491
0.368609
0.368727
0.368845
0.368962
0.36908
0.369198
0.369316
0.369433
0.369551
0.369669
0.369786
0.369904
0.370022
0.37014
0.370257
0.370375
0.370493
0.37061
0.370728
0.370846
0.370964
0.371081
0.371199
0.371317
0.371434
0.371552
0.37167
0.371788
0.371905
0.372023
0.372141
0.372259
0.372376
0.372494
0.372612
0.372729
0.372847
0.372965
0.373083
0.3732
0.373318
0.373436
0.373553
0.373671
0.373789
0.373907
0.374024
0.374142
0.37426
0.374378
0.374495
0.374613
0.374731
0.374848
0.374966
0.375084
0.375202
0.375319
0.375437
0.375555
0.375672
0.37579
0.375908
0.376026
0.376143
0.376261
0.376379
0.376496
0.376614
0.376732
0.37685
0.376967
0.377085
0.377203
0.37732
0.377438
0.377556
0.377674
0.377791
0.377909
0.378027
0.378145
0.378262
0.37838
0.378498
0.378615
0.378733
0.378851
0.378969
0.379086
0.379204
0.379322
0.379439
0.379557
0.379675
0.379793
0.37991
0.380028
0.380146
0.380263
0.380381
0.380499
0.380617
0.380734
0.380852
0.38097
0.381087
0.381205
0.381323
0.381441
0.381558
0.381676
0.381794
0.381912
0.382029
0.382147
0.382265
0.382382
0.3825
0.382618
0.382736
0.382853
0.382971
0.383089
0.383206
0.383324
0.383442
0.38356
0.383677
0.383795
0.383913
0.38403
0.384148
0.384266
0.384384
0.384501
0.384619
0.384737
0.384854
0.384972
0.38509
0.385208
0.385325
0.385443
0.385561
0.385678
0.385796
0.385914
0.386032
0.386149
0.386267
0.386385
0.386502
0.38662
0.386738
0.386856
0.386973
0.387091
0.387209
0.387326
0.387444
0.387562
0.38768
0.387797
0.387915
0.388033
0.38815
0.388268
0.388386
0.388504
0.388621
0.388739
0.388857
0.388974
0.389092
0.38921
0.389328
0.389445
0.389563
0.389681
0.389798
0.389916
0.390034
0.390152
0.390269
0.390387
0.390505
0.390622
0.39074
0.390858
0.390976
0.391093
0.391211
0.391329
0.391446
0.391564
0.391682
0.3918
0.391917
0.392035
0.392153
0.39227
0.392388
0.392506
0.392624
0.392741
0.392859
0.392977
0.393094
0.393212
0.39333
0.393448
0.393565
0.393683
0.393801
0.393918
0.394036
0.394154
0.394272
0.394389
0.394507
0.394625
0.394742
0.39486
0.394978
0.395096
0.395213
0.395331
0.395449
0.395566
0.395684
0.395802
0.39592
0.396037
0.396155
0.396273
0.39639
0.396508
0.396626
0.396744
0.396861
0.396979
0.397097
0.397214
0.397332
0.39745
0.397568
0.397685
0.397803
0.397921
0.398038
0.398156
0.398274
0.398391
0.398509
0.398627
0.398745
0.398862
0.39898
0.399098
0.399215
0.399333
0.399451
0.399569
0.399686
0.399804
0.399922
0.400039
0.400157
0.400275
0.400393
0.40051
0.400628
0.400746
0.400863
0.400981
0.401099
0.401217
0.401334
0.401452
0.40157
0.401687
0.401805
0.401923
0.402041
0.402158
0.402276
0.402394
0.402511
0.402629
0.402747
0.402864
0.402982
0.4031
0.403218
0.403335
0.403453
0.403571
0.403688
0.403806
0.403924
0.404042
0.404159
0.404277
0.404395
0.404512
0.40463
0.404748
0.404866
0.404983
0.405101
0.405219
0.405336
0.405454
0.405572
0.405689
0.405807
0.405925
0.406043
0.40616
0.406278
0.406396
0.406513
0.406631
0.406749
0.406867
0.406984
0.407102
0.40722
0.407337
0.407455
0.407573
0.407691
0.407808
0.407926
0.408044
0.408161
0.408279
0.408397
0.408514
0.408632
0.40875
0.408868
0.408985
0.409103
0.409221
0.409338
0.409456
0.409574
0.409692
0.409809
0.409927
0.410045
0.410162
0.41028
0.410398
0.410515
0.410633
0.410751
0.410869
0.410986
0.411104
0.411222
0.411339
0.411457
0.411575
0.411693
0.41181
0.411928
0.412046
0.412163
0.412281
0.412399
0.412516
0.412634
0.412752
0.41287
0.412987
0.413105
0.413223
0.41334
0.413458
0.413576
0.413694
0.413811
0.413929
0.414047
0.414164
0.414282
0.4144
0.414517
0.414635
0.414753
0.414871
0.414988
0.415106
0.415224
0.415341
0.415459
0.415577
0.415695
0.415812
0.41593
0.416048
0.416165
0.416283
0.416401
0.416518
0.416636
0.416754
0.416872
0.416989
0.417107
0.417225
0.417342
0.41746
0.417578
0.417695
0.417813
0.417931
0.418049
0.418166
0.418284
0.418402
0.418519
0.418637
0.418755
0.418873
0.41899
0.419108
0.419226
0.419343
0.419461
0.419579
0.419696
0.419814
0.419932
0.42005
0.420167
0.420285
0.420403
0.42052
0.420638
0.420756
0.420873
0.420991
0.421109
0.421227
0.421344
0.421462
0.42158
0.421697
0.421815
0.421933
0.42205
0.422168
0.422286
0.422404
0.422521
0.422639
0.422757
0.422874
0.422992
0.42311
0.423228
0.423345
0.423463
0.423581
0.423698
0.423816
0.423934
0.424051
0.424169
0.424287
0.424405
0.424522
0.42464
0.424758
0.424875
0.424993
0.425111
0.425228
0.425346
0.425464
0.425582
0.425699
0.425817
0.425935
0.426052
0.42617
0.426288
0.426405
0.426523
0.426641
0.426759
0.426876
0.426994
0.427112
0.427229
0.427347
0.427465
0.427582
0.4277
0.427818
0.427936
0.428053
0.428171
0.428289
0.428406
0.428524
0.428642
0.428759
0.428877
0.428995
0.429113
0.42923
0.429348
0.429466
0.429583
0.429701
0.429819
0.429936
0.430054
0.430172
0.430289
0.430407
0.430525
0.430643
0.43076
0.430878
0.430996
0.431113
0.431231
0.431349
0.431466
0.431584
0.431702
0.43182
0.431937
0.432055
0.432173
0.43229
0.432408
0.432526
0.432643
0.432761
0.432879
0.432997
0.433114
0.433232
0.43335
0.433467
0.433585
0.433703
0.43382
0.433938
0.434056
0.434174
0.434291
0.434409
0.434527
0.434644
0.434762
0.43488
0.434997
0.435115
0.435233
0.43535
0.435468
0.435586
0.435704
0.435821
0.435939
0.436057
0.436174
0.436292
0.43641
0.436527
0.436645
0.436763
0.436881
0.436998
0.437116
0.437234
0.437351
0.437469
0.437587
0.437704
0.437822
0.43794
0.438057
0.438175
0.438293
0.438411
0.438528
0.438646
0.438764
0.438881
0.438999
0.439117
0.439234
0.439352
0.43947
0.439588
0.439705
0.439823
0.439941
0.440058
0.440176
0.440294
0.440411
0.440529
0.440647
0.440764
0.440882
0.441
0.441118
0.441235
0.441353
0.441471
0.441588
0.441706
0.441824
0.441941
0.442059
0.442177
0.442294
0.442412
0.44253
0.442648
0.442765
0.442883
0.443001
0.443118
0.443236
0.443354
0.443471
0.443589
0.443707
0.443824
0.443942
0.44406
0.444178
0.444295
0.444413
0.444531
0.444648
0.444766
0.444884
0.445001
0.445119
0.445237
0.445354
0.445472
0.44559
0.445708
0.445825
0.445943
0.446061
0.446178
0.446296
0.446414
0.446531
0.446649
0.446767
0.446884
0.447002
0.44712
0.447238
0.447355
0.447473
0.447591
0.447708
0.447826
0.447944
0.448061
0.448179
0.448297
0.448414
0.448532
0.44865
0.448768
0.448885
0.449003
0.449121
0.449238
0.449356
0.449474
0.449591
0.449709
0.449827
0.449944
0.450062
0.45018
0.450298
0.450415
0.450533
0.450651
0.450768
0.450886
0.451004
0.451121
0.451239
0.451357
0.451474
0.451592
0.45171
0.451827
0.451945
0.452063
0.452181
0.452298
0.452416
0.452534
0.452651
0.452769
0.452887
0.453004
0.453122
0.45324
0.453357
0.453475
0.453593
0.45371
0.453828
0.453946
0.454064
0.454181
0.454299
0.454417
0.454534
0.454652
0.45477
0.454887
0.455005
0.455123
0.45524
0.455358
0.455476
0.455593
0.455711
0.455829
0.455947
0.456064
0.456182
0.4563
0.456417
0.456535
0.456653
0.45677
0.456888
0.457006
0.457123
0.457241
0.457359
0.457476
0.457594
0.457712
0.45783
0.457947
0.458065
0.458183
0.4583
0.458418
0.458536
0.458653
0.458771
0.458889
0.459006
0.459124
0.459242
0.459359
0.459477
0.459595
0.459713
0.45983
0.459948
0.460066
0.460183
0.460301
0.460419
0.460536
0.460654
0.460772
0.460889
0.461007
0.461125
0.461242
0.46136
0.461478
0.461595
0.461713
0.461831
0.461949
0.462066
0.462184
0.462302
0.462419
0.462537
0.462655
0.462772
0.46289
0.463008
0.463125
0.463243
0.463361
0.463478
0.463596
0.463714
0.463832
0.463949
0.464067
0.464185
0.464302
0.46442
0.464538
0.464655
0.464773
0.464891
0.465008
0.465126
0.465244
0.465361
0.465479
0.465597
0.465714
0.465832
0.46595
0.466067
0.466185
0.466303
0.466421
0.466538
0.466656
0.466774
0.466891
0.467009
0.467127
0.467244
0.467362
0.46748
0.467597
0.467715
0.467833
0.46795
0.468068
0.468186
0.468303
0.468421
0.468539
0.468657
0.468774
0.468892
0.46901
0.469127
0.469245
0.469363
0.46948
0.469598
0.469716
0.469833
0.469951
0.470069
0.470186
0.470304
0.470422
0.470539
0.470657
0.470775
0.470892
0.47101
0.471128
0.471245
0.471363
0.471481
0.471599
0.471716
0.471834
0.471952
0.472069
0.472187
0.472305
0.472422
0.47254
0.472658
0.472775
0.472893
0.473011
0.473128
0.473246
0.473364
0.473481
0.473599
0.473717
0.473834
0.473952
0.47407
0.474187
0.474305
0.474423
0.474541
0.474658
0.474776
0.474894
0.475011
0.475129
0.475247
0.475364
0.475482
0.4756
0.475717
0.475835
0.475953
0.47607
0.476188
0.476306
0.476423
0.476541
0.476659
0.476776
0.476894
0.477012
0.477129
0.477247
0.477365
0.477482
0.4776
0.477718
0.477836
0.477953
0.478071
0.478189
0.478306
0.478424
0.478542
0.478659
0.478777
0.478895
0.479012
0.47913
0.479248
0.479365
0.479483
0.479601
0.479718
0.479836
0.479954
0.480071
0.480189
0.480307
0.480424
0.480542
0.48066
0.480777
0.480895
0.481013
0.48113
0.481248
0.481366
0.481484
0.481601
0.481719
0.481837
0.481954
0.482072
0.48219
0.482307
0.482425
0.482543
0.48266
0.482778
0.482896
0.483013
0.483131
0.483249
0.483366
0.483484
0.483602
0.483719
0.483837
0.483955
0.484072
0.48419
0.484308
0.484425
0.484543
0.484661
0.484778
0.484896
0.485014
0.485131
0.485249
0.485367
0.485484
0.485602
0.48572
0.485837
0.485955
0.486073
0.486191
0.486308
0.486426
0.486544
0.486661
0.486779
0.486897
0.487014
0.487132
0.48725
0.487367
0.487485
0.487603
0.48772
0.487838
0.487956
0.488073
0.488191
0.488309
0.488426
0.488544
0.488662
0.488779
0.488897
0.489015
0.489132
0.48925
0.489368
0.489485
0.489603
0.489721
0.489838
0.489956
0.490074
0.490191
0.490309
0.490427
0.490544
0.490662
0.49078
0.490897
0.491015
0.491133
0.49125
0.491368
0.491486
0.491603
0.491721
0.491839
0.491956
0.492074
0.492192
0.492309
0.492427
0.492545
0.492662
0.49278
0.492898
0.493015
0.493133
0.493251
0.493369
0.493486
0.493604
0.493722
0.493839
0.493957
0.494075
0.494192
0.49431
0.494428
0.494545
0.494663
0.494781
0.494898
0.495016
0.495134
0.495251
0.495369
0.495487
0.495604
0.495722
0.49584
0.495957
0.496075
0.496193
0.49631
0.496428
0.496546
0.496663
0.496781
0.496899
0.497016
0.497134
0.497252
0.497369
0.497487
0.497605
0.497722
0.49784
0.497958
0.498075
0.498193
0.498311
0.498428
0.498546
0.498664
0.498781
0.498899
0.499017
0.499134
0.499252
0.49937
0.499487
0.499605
0.499723
0.49984
0.499958
0.500076
0.500193
0.500311
0.500429
0.500546
0.500664
0.500782
0.500899
0.501017
0.501135
0.501252
0.50137
0.501488
0.501605
0.501723
0.501841
0.501958
0.502076
0.502194
0.502311
0.502429
0.502547
0.502664
0.502782
0.5029
0.503017
0.503135
0.503253
0.50337
0.503488
0.503606
0.503723
0.503841
0.503959
0.504076
0.504194
0.504312
0.504429
0.504547
0.504665
0.504782
0.5049
0.505018
0.505135
0.505253
0.505371
0.505488
0.505606
0.505724
0.505841
0.505959
0.506077
0.506194
0.506312
0.50643
0.506547
0.506665
0.506783
0.5069
0.507018
0.507136
0.507253
0.507371
0.507489
0.507606
0.507724
0.507842
0.507959
0.508077
0.508195
0.508312
0.50843
0.508548
0.508665
0.508783
0.508901
0.509018
0.509136
0.509254
0.509371
0.509489
0.509607
0.509724
0.509842
0.509959
0.510077
0.510195
0.510312
0.51043
0.510548
0.510665
0.510783
0.510901
0.511018
0.511136
0.511254
0.511371
0.511489
0.511607
0.511724
0.511842
0.51196
0.512077
0.512195
0.512313
0.51243
0.512548
0.512666
0.512783
0.512901
0.513019
0.513136
0.513254
0.513372
0.513489
0.513607
0.513725
0.513842
0.51396
0.514078
0.514195
0.514313
0.514431
0.514548
0.514666
0.514784
0.514901
0.515019
0.515137
0.515254
0.515372
0.51549
0.515607
0.515725
0.515843
0.51596
0.516078
0.516196
0.516313
0.516431
0.516549
0.516666
0.516784
0.516901
0.517019
0.517137
0.517254
0.517372
0.51749
0.517607
0.517725
0.517843
0.51796
0.518078
0.518196
0.518313
0.518431
0.518549
0.518666
0.518784
0.518902
0.519019
0.519137
0.519255
0.519372
0.51949
0.519608
0.519725
0.519843
0.519961
0.520078
0.520196
0.520314
0.520431
0.520549
0.520667
0.520784
0.520902
0.52102
0.521137
0.521255
0.521372
0.52149
0.521608
0.521725
0.521843
0.521961
0.522078
0.522196
0.522314
0.522431
0.522549
0.522667
0.522784
0.522902
0.52302
0.523137
0.523255
0.523373
0.52349
0.523608
0.523726
0.523843
0.523961
0.524079
0.524196
0.524314
0.524432
0.524549
0.524667
0.524785
0.524902
0.52502
0.525137
0.525255
0.525373
0.52549
0.525608
0.525726
0.525843
0.525961
0.526079
0.526196
0.526314
0.526432
0.526549
0.526667
0.526785
0.526902
0.52702
0.527138
0.527255
0.527373
0.527491
0.527608
0.527726
0.527844
0.527961
0.528079
0.528197
0.528314
0.528432
0.528549
0.528667
0.528785
0.528902
0.52902
0.529138
0.529255
0.529373
0.529491
0.529608
0.529726
0.529844
0.529961
0.530079
0.530197
0.530314
0.530432
0.53055
0.530667
0.530785
0.530903
0.53102
0.531138
0.531255
0.531373
0.531491
0.531608
0.531726
0.531844
0.531961
0.532079
0.532197
0.532314
0.532432
0.53255
0.532667
0.532785
0.532903
0.53302
0.533138
0.533256
0.533373
0.533491
0.533609
0.533726
0.533844
0.533961
0.534079
0.534197
0.534314
0.534432
0.53455
0.534667
0.534785
0.534903
0.53502
0.535138
0.535256
0.535373
0.535491
0.535609
0.535726
0.535844
0.535962
0.536079
0.536197
0.536314
0.536432
0.53655
0.536667
0.536785
0.536903
0.53702
0.537138
0.537256
0.537373
0.537491
0.537609
0.537726
0.537844
0.537962
0.538079
0.538197
0.538314
0.538432
0.53855
0.538667
0.538785
0.538903
0.53902
0.539138
0.539256
0.539373
0.539491
0.539609
0.539726
0.539844
0.539962
0.540079
0.540197
0.540315
0.540432
0.54055
0.540667
0.540785
0.540903
0.54102
0.541138
0.541256
0.541373
0.541491
0.541609
0.541726
0.541844
0.541962
0.542079
0.542197
0.542315
0.542432
0.54255
0.542667
0.542785
0.542903
0.54302
0.543138
0.543256
0.543373
0.543491
0.543609
0.543726
0.543844
0.543962
0.544079
0.544197
0.544314
0.544432
0.54455
0.544667
0.544785
0.544903
0.54502
0.545138
0.545256
0.545373
0.545491
0.545609
0.545726
0.545844
0.545962
0.546079
0.546197
0.546314
0.546432
0.54655
0.546667
0.546785
0.546903
0.54702
0.547138
0.547256
0.547373
0.547491
0.547609
0.547726
0.547844
0.547961
0.548079
0.548197
0.548314
0.548432
0.54855
0.548667
0.548785
0.548903
0.54902
0.549138
0.549256
0.549373
0.549491
0.549608
0.549726
0.549844
0.549961
0.550079
0.550197
0.550314
0.550432
0.55055
0.550667
0.550785
0.550903
0.55102
0.551138
0.551255
0.551373
0.551491
0.551608
0.551726
0.551844
0.551961
0.552079
0.552197
0.552314
0.552432
0.55255
0.552667
0.552785
0.552902
0.55302
0.553138
0.553255
0.553373
0.553491
0.553608
0.553726
0.553844
0.553961
0.554079
0.554196
0.554314
0.554432
0.554549
0.554667
0.554785
0.554902
0.55502
0.555138
0.555255
0.555373
0.555491
0.555608
0.555726
0.555843
0.555961
0.556079
0.556196
0.556314
0.556432
0.556549
0.556667
0.556785
0.556902
0.55702
0.557137
0.557255
0.557373
0.55749
0.557608
0.557726
0.557843
0.557961
0.558079
0.558196
0.558314
0.558432
0.558549
0.558667
0.558784
0.558902
0.55902
0.559137
0.559255
0.559373
0.55949
0.559608
0.559726
0.559843
0.559961
0.560078
0.560196
0.560314
0.560431
0.560549
0.560667
0.560784
0.560902
0.56102
0.561137
0.561255
0.561372
0.56149
0.561608
0.561725
0.561843
0.561961
0.562078
0.562196
0.562314
0.562431
0.562549
0.562666
0.562784
0.562902
0.563019
0.563137
0.563255
0.563372
0.56349
0.563608
0.563725
0.563843
0.56396
0.564078
0.564196
0.564313
0.564431
0.564549
0.564666
0.564784
0.564902
0.565019
0.565137
0.565254
0.565372
0.56549
0.565607
0.565725
0.565843
0.56596
0.566078
0.566195
0.566313
0.566431
0.566548
0.566666
0.566784
0.566901
0.567019
0.567137
0.567254
0.567372
0.567489
0.567607
0.567725
0.567842
0.56796
0.568078
0.568195
0.568313
0.568431
0.568548
0.568666
0.568783
0.568901
0.569019
0.569136
0.569254
0.569372
0.569489
0.569607
0.569724
0.569842
0.56996
0.570077
0.570195
0.570313
0.57043
0.570548
0.570666
0.570783
0.570901
0.571018
0.571136
0.571254
0.571371
0.571489
0.571607
0.571724
0.571842
0.571959
0.572077
0.572195
0.572312
0.57243
0.572548
0.572665
0.572783
0.572901
0.573018
0.573136
0.573253
0.573371
0.573489
0.573606
0.573724
0.573842
0.573959
0.574077
0.574194
0.574312
0.57443
0.574547
0.574665
0.574783
0.5749
0.575018
0.575135
0.575253
0.575371
0.575488
0.575606
0.575724
0.575841
0.575959
0.576077
0.576194
0.576312
0.576429
0.576547
0.576665
0.576782
0.5769
0.577018
0.577135
0.577253
0.57737
0.577488
0.577606
0.577723
0.577841
0.577959
0.578076
0.578194
0.578311
0.578429
0.578547
0.578664
0.578782
0.5789
0.579017
0.579135
0.579252
0.57937
0.579488
0.579605
0.579723
0.579841
0.579958
0.580076
0.580193
0.580311
0.580429
0.580546
0.580664
0.580782
0.580899
0.581017
0.581135
0.581252
0.58137
0.581487
0.581605
0.581723
0.58184
0.581958
0.582076
0.582193
0.582311
0.582428
0.582546
0.582664
0.582781
0.582899
0.583017
0.583134
0.583252
0.583369
0.583487
0.583605
0.583722
0.58384
0.583958
0.584075
0.584193
0.58431
0.584428
0.584546
0.584663
0.584781
0.584899
0.585016
0.585134
0.585251
0.585369
0.585487
0.585604
0.585722
0.585839
0.585957
0.586075
0.586192
0.58631
0.586428
0.586545
0.586663
0.58678
0.586898
0.587016
0.587133
0.587251
0.587369
0.587486
0.587604
0.587721
0.587839
0.587957
0.588074
0.588192
0.58831
0.588427
0.588545
0.588662
0.58878
0.588898
0.589015
0.589133
0.589251
0.589368
0.589486
0.589603
0.589721
0.589839
0.589956
0.590074
0.590192
0.590309
0.590427
0.590544
0.590662
0.59078
0.590897
0.591015
0.591132
0.59125
0.591368
0.591485
0.591603
0.591721
0.591838
0.591956
0.592073
0.592191
0.592309
0.592426
0.592544
0.592662
0.592779
0.592897
0.593014
0.593132
0.59325
0.593367
0.593485
0.593602
0.59372
0.593838
0.593955
0.594073
0.594191
0.594308
0.594426
0.594543
0.594661
0.594779
0.594896
0.595014
0.595132
0.595249
0.595367
0.595484
0.595602
0.59572
0.595837
0.595955
0.596072
0.59619
0.596308
0.596425
0.596543
0.596661
0.596778
0.596896
0.597013
0.597131
0.597249
0.597366
0.597484
0.597602
0.597719
0.597837
0.597954
0.598072
0.59819
0.598307
0.598425
0.598542
0.59866
0.598778
0.598895
0.599013
0.599131
0.599248
0.599366
0.599483
0.599601
0.599719
0.599836
0.599954
0.600071
0.600189
0.600307
0.600424
0.600542
0.60066
0.600777
0.600895
0.601012
0.60113
0.601248
0.601365
0.601483
0.6016
0.601718
0.601836
0.601953
0.602071
0.602189
0.602306
0.602424
0.602541
0.602659
0.602777
0.602894
0.603012
0.603129
0.603247
0.603365
0.603482
0.6036
0.603718
0.603835
0.603953
0.60407
0.604188
0.604306
0.604423
0.604541
0.604658
0.604776
0.604894
0.605011
0.605129
0.605246
0.605364
0.605482
0.605599
0.605717
0.605835
0.605952
0.60607
0.606187
0.606305
0.606423
0.60654
0.606658
0.606775
0.606893
0.607011
0.607128
0.607246
0.607363
0.607481
0.607599
0.607716
0.607834
0.607952
0.608069
0.608187
0.608304
0.608422
0.60854
0.608657
0.608775
0.608892
0.60901
0.609128
0.609245
0.609363
0.60948
0.609598
0.609716
0.609833
0.609951
0.610069
0.610186
0.610304
0.610421
0.610539
0.610657
0.610774
0.610892
0.611009
0.611127
0.611245
0.611362
0.61148
0.611597
0.611715
0.611833
0.61195
0.612068
0.612186
0.612303
0.612421
0.612538
0.612656
0.612774
0.612891
0.613009
0.613126
0.613244
0.613362
0.613479
0.613597
0.613714
0.613832
0.61395
0.614067
0.614185
0.614302
0.61442
0.614538
0.614655
0.614773
0.61489
0.615008
0.615126
0.615243
0.615361
0.615479
0.615596
0.615714
0.615831
0.615949
0.616067
0.616184
0.616302
0.616419
0.616537
0.616655
0.616772
0.61689
0.617007
0.617125
0.617243
0.61736
0.617478
0.617595
0.617713
0.617831
0.617948
0.618066
0.618183
0.618301
0.618419
0.618536
0.618654
0.618771
0.618889
0.619007
0.619124
0.619242
0.61936
0.619477
0.619595
0.619712
0.61983
0.619948
0.620065
0.620183
0.6203
0.620418
0.620536
0.620653
0.620771
0.620888
0.621006
0.621124
0.621241
0.621359
0.621476
0.621594
0.621712
0.621829
0.621947
0.622064
0.622182
0.6223
0.622417
0.622535
0.622652
0.62277
0.622888
0.623005
0.623123
0.62324
0.623358
0.623476
0.623593
0.623711
0.623828
0.623946
0.624064
0.624181
0.624299
0.624416
0.624534
0.624652
0.624769
0.624887
0.625004
0.625122
0.62524
0.625357
0.625475
0.625592
0.62571
0.625828
0.625945
0.626063
0.62618
0.626298
0.626416
0.626533
0.626651
0.626768
0.626886
0.627004
0.627121
0.627239
0.627356
0.627474
0.627592
0.627709
0.627827
0.627944
0.628062
0.62818
0.628297
0.628415
0.628532
0.62865
0.628768
0.628885
0.629003
0.62912
0.629238
0.629356
0.629473
0.629591
0.629708
0.629826
0.629944
0.630061
0.630179
0.630296
0.630414
0.630532
0.630649
0.630767
0.630884
0.631002
0.63112
0.631237
0.631355
0.631472
0.63159
0.631708
0.631825
0.631943
0.63206
0.632178
0.632296
0.632413
0.632531
0.632648
0.632766
0.632884
0.633001
0.633119
0.633236
0.633354
0.633472
0.633589
0.633707
0.633824
0.633942
0.63406
0.634177
0.634295
0.634412
0.63453
0.634648
0.634765
0.634883
0.635
0.635118
0.635236
0.635353
0.635471
0.635588
0.635706
