0
0.000116804
0.000233608
0.000350411
0.000467215
0.000584019
0.000700823
0.000817626
0.00093443
0.00105123
0.00116804
0.0013001
0.0014169
0.00153371
0.00165051
0.00176732
0.00188412
0.00200092
0.00211773
0.00223453
0.00235133
0.0024834
0.0026002
0.002717
0.00283381
0.00295061
0.00306742
0.00318422
0.00330102
0.00341783
0.00353463
0.00365143
0.00376824
0.00388504
0.00400185
0.00411865
0.00423545
0.00435226
0.00446906
0.00458586
0.00470267
0.00481947
0.00495153
0.00506834
0.00518514
0.00530195
0.00541875
0.00553555
0.00565236
0.00576916
0.00588596
0.00600277
0.00613483
0.00625163
0.00636844
0.00648524
0.00660205
0.00671885
0.00683565
0.00695246
0.00706926
0.00718606
0.00730287
0.00741967
0.00753648
0.00765328
0.00777008
0.00788689
0.00800369
0.00812049
0.0082373
0.0083541
0.00847091
0.00860297
0.00871977
0.00883658
0.00895338
0.00907018
0.00918699
0.00930379
0.00942059
0.0095374
0.0096542
0.00978626
0.00990307
0.0100199
0.0101367
0.0102535
0.0103703
0.0104871
0.0106039
0.0107207
0.0108375
0.0109543
0.0110711
0.0111879
0.0113047
0.0114215
0.0115383
0.0116551
0.0117719
0.0118887
0.0120055
0.0121223
0.0122544
0.0123712
0.012488
0.0126048
0.0127216
0.0128384
0.0129552
0.013072
0.0131888
0.0133056
0.0134377
0.0135545
0.0136713
0.0137881
0.0139049
0.0140217
0.0141385
0.0142553
0.0143721
0.0144889
0.0146057
0.0147225
0.0148393
0.0149561
0.015073
0.0151898
0.0153066
0.0154234
0.0155402
0.015657
0.0157738
0.0159058
0.0160226
0.0161394
0.0162562
0.0163731
0.0164899
0.0166067
0.0167235
0.0168403
0.0169571
0.0170891
0.0172059
0.0173227
0.0174395
0.0175563
0.0176732
0.01779
0.0179068
0.0180236
0.0181404
0.0182572
0.018374
0.0184908
0.0186076
0.0187244
0.0188412
0.018958
0.0190748
0.0191916
0.0193084
0.0194252
0.0195573
0.0196741
0.0197909
0.0199077
0.0200245
0.0201413
0.0202581
0.0203749
0.0204917
0.0206085
0.0207406
0.0208574
0.0209742
0.021091
0.0212078
0.0213246
0.0214414
0.0215582
0.021675
0.0217918
0.0219086
0.0220254
0.0221422
0.022259
0.0223758
0.0224926
0.0226094
0.0227262
0.022843
0.0229598
0.0230766
0.0232087
0.0233255
0.0234423
0.0235591
0.0236759
0.0237927
0.0239095
0.0240263
0.0241431
0.0242599
0.024392
0.0245088
0.0246256
0.0247424
0.0248592
0.024976
0.0250928
0.0252096
0.0253264
0.0254432
0.02556
0.0256768
0.0257936
0.0259104
0.0260273
0.0261441
0.0262609
0.0263777
0.0264945
0.0266113
0.0267281
0.0268601
0.0269769
0.0270937
0.0272105
0.0273274
0.0274442
0.027561
0.0276778
0.0277946
0.0279114
0.0280434
0.0281602
0.028277
0.0283938
0.0285106
0.0286275
0.0287443
0.0288611
0.0289779
0.0290947
0.0292115
0.0293283
0.0294451
0.0295619
0.0296787
0.0297955
0.0299123
0.0300291
0.0301459
0.0302627
0.0303795
0.0305116
0.0306284
0.0307452
0.030862
0.0309788
0.0310956
0.0312124
0.0313292
0.031446
0.0315628
0.0316949
0.0318117
0.0319285
0.0320453
0.0321621
0.0322789
0.0323957
0.0325125
0.0326293
0.0327461
0.0328629
0.0329797
0.0330965
0.0332133
0.0333301
0.0334469
0.0335637
0.0336805
0.0337973
0.0339141
0.0340309
0.034163
0.0342798
0.0343966
0.0345134
0.0346302
0.034747
0.0348638
0.0349806
0.0350974
0.0352142
0.0353463
0.0354631
0.0355799
0.0356967
0.0358135
0.0359303
0.0360471
0.0361639
0.0362807
0.0363975
0.0365143
0.0366311
0.0367479
0.0368648
0.0369816
0.0370984
0.0372152
0.037332
0.0374488
0.0375656
0.0376824
0.0378144
0.0379312
0.038048
0.0381649
0.0382817
0.0383985
0.0385153
0.0386321
0.0387489
0.0388657
0.0389977
0.0391145
0.0392313
0.0393481
0.039465
0.0395818
0.0396986
0.0398154
0.0399322
0.040049
0.0401658
0.0402826
0.0403994
0.0405162
0.040633
0.0407498
0.0408666
0.0409834
0.0411002
0.041217
0.0413338
0.0414659
0.0415827
0.0416995
0.0418163
0.0419331
0.0420499
0.0421667
0.0422835
0.0424003
0.0425171
0.0426492
0.042766
0.0428828
0.0429996
0.0431164
0.0432332
0.04335
0.0434668
0.0435836
0.0437004
0.0438172
0.043934
0.0440508
0.0441676
0.0442844
0.0444012
0.044518
0.0446348
0.0447516
0.0448684
0.0449852
0.0451173
0.0452341
0.0453509
0.0454677
0.0455845
0.0457013
0.0458181
0.0459349
0.0460517
0.0461685
0.0463006
0.0464174
0.0465342
0.046651
0.0467678
0.0468846
0.0470014
0.0471182
0.047235
0.0473518
0.0474686
0.0475854
0.0477022
0.0478191
0.0479359
0.0480527
0.0481695
0.0482863
0.0484031
0.0485199
0.0486367
0.0487687
0.0488855
0.0490023
0.0491192
0.049236
0.0493528
0.0494696
0.0495864
0.0497032
0.04982
0.049952
0.0500688
0.0501856
0.0503024
0.0504193
0.0505361
0.0506529
0.0507697
0.0508865
0.0510033
0.0511201
0.0512369
0.0513537
0.0514705
0.0515873
0.0517041
0.0518209
0.0519377
0.0520545
0.0521713
0.0522881
0.0524202
0.052537
0.0526538
0.0527706
0.0528874
0.0530042
0.053121
0.0532378
0.0533546
0.0534714
0.0536035
0.0537203
0.0538371
0.0539539
0.0540707
0.0541875
0.0543043
0.0544211
0.0545379
0.0546547
0.0547715
0.0548883
0.0550051
0.0551219
0.0552387
0.0553555
0.0554723
0.0555891
0.0557059
0.0558227
0.0559395
0.0560716
0.0561884
0.0563052
0.056422
0.0565388
0.0566556
0.0567724
0.0568892
0.057006
0.0571228
0.0572549
0.0573717
0.0574885
0.0576053
0.0577221
0.0578389
0.0579557
0.0580725
0.0581893
0.0583061
0.0584229
0.0585397
0.0586566
0.0587734
0.0588902
0.059007
0.0591238
0.0592406
0.0593574
0.0594742
0.059591
0.059723
0.0598398
0.0599567
0.0600735
0.0601903
0.0603071
0.0604239
0.0605407
0.0606575
0.0607743
0.0609063
0.0610231
0.0611399
0.0612568
0.0613736
0.0614904
0.0616072
0.061724
0.0618408
0.0619576
0.0620744
0.0621912
0.062308
0.0624248
0.0625416
0.0626584
0.0627752
0.062892
0.0630088
0.0631256
0.0632424
0.0633745
0.0634913
0.0636081
0.0637249
0.0638417
0.0639585
0.0640753
0.0641921
0.0643089
0.0644257
0.0645578
0.0646746
0.0647914
0.0649082
0.065025
0.0651418
0.0652586
0.0653754
0.0654922
0.065609
0.0657258
0.0658426
0.0659594
0.0660762
0.066193
0.0663098
0.0664266
0.0665434
0.0666602
0.066777
0.0668938
0.0670259
0.0671427
0.0672595
0.0673763
0.0674931
0.0676099
0.0677267
0.0678435
0.0679603
0.0680771
0.0682092
0.068326
0.0684428
0.0685596
0.0686764
0.0687932
0.06891
0.0690268
0.0691436
0.0692604
0.0693772
0.069494
0.0696109
0.0697277
0.0698445
0.0699613
0.0700781
0.0701949
0.0703117
0.0704285
0.0705453
0.0706773
0.0707941
0.070911
0.0710278
0.0711446
0.0712614
0.0713782
0.071495
0.0716118
0.0717286
0.0718606
0.0719774
0.0720942
0.0722111
0.0723279
0.0724447
0.0725615
0.0726783
0.0727951
0.0729119
0.0730287
0.0731455
0.0732623
0.0733791
0.0734959
0.0736127
0.0737295
0.0738463
0.0739631
0.0740799
0.0741967
0.0743288
0.0744456
0.0745624
0.0746792
0.074796
0.0749128
0.0750296
0.0751464
0.0752632
0.07538
0.0755121
0.0756289
0.0757457
0.0758625
0.0759793
0.0760961
0.0762129
0.0763297
0.0764465
0.0765633
0.0766801
0.0767969
0.0769137
0.0770305
0.0771473
0.0772641
0.0773809
0.0774977
0.0776145
0.0777313
0.0778482
0.0779802
0.078097
0.0782138
0.0783306
0.0784474
0.0785642
0.078681
0.0787978
0.0789146
0.0790314
0.0791483
0.0792803
0.0793971
0.0795139
0.0796307
0.0797475
0.0798643
0.0799811
0.0800979
0.0802147
0.0803315
0.0804484
0.0805652
0.080682
0.0807988
0.0809156
0.0810324
0.0811492
0.081266
0.0813828
0.0814996
0.0816316
0.0817485
0.0818653
0.0819821
0.0820989
0.0822157
0.0823325
0.0824493
0.0825661
0.0826829
0.0827997
0.0829317
0.0830486
0.0831654
0.0832822
0.083399
0.0835158
0.0836326
0.0837494
0.0838662
0.083983
0.0840998
0.0842166
0.0843334
0.0844502
0.084567
0.0846838
0.0848006
0.0849174
0.0850342
0.085151
0.0852831
0.0853999
0.0855167
0.0856335
0.0857503
0.0858671
0.0859839
0.0861007
0.0862175
0.0863343
0.0864511
0.0865832
0.0867
0.0868168
0.0869336
0.0870504
0.0871672
0.087284
0.0874008
0.0875176
0.0876344
0.0877512
0.087868
0.0879848
0.0881016
0.0882184
0.0883352
0.088452
0.0885688
0.0886856
0.0888025
0.0889345
0.0890513
0.0891681
0.0892849
0.0894017
0.0895185
0.0896353
0.0897521
0.0898689
0.0899857
0.0901026
0.0902346
0.0903514
0.0904682
0.090585
0.0907018
0.0908186
0.0909354
0.0910522
0.091169
0.0912858
0.0914027
0.0915195
0.0916363
0.0917531
0.0918699
0.0919867
0.0921035
0.0922203
0.0923371
0.0924539
0.092586
0.0927028
0.0928196
0.0929364
0.0930532
0.09317
0.0932868
0.0934036
0.0935204
0.0936372
0.093754
0.0938861
0.0940029
0.0941197
0.0942365
0.0943533
0.0944701
0.0945869
0.0947037
0.0948205
0.0949373
0.0950541
0.0951709
0.0952877
0.0954045
0.0955213
0.0956381
0.0957549
0.0958717
0.0959885
0.0961053
0.0962374
0.0963542
0.096471
0.0965878
0.0967046
0.0968214
0.0969382
0.097055
0.0971718
0.0972886
0.0974054
0.0975375
0.0976543
0.0977711
0.0978879
0.0980047
0.0981215
0.0982383
0.0983551
0.0984719
0.0985887
0.0987055
0.0988223
0.0989391
0.0990559
0.0991727
0.0992895
0.0994063
0.0995231
0.09964
0.0997568
0.0998736
0.100006
0.100122
0.100239
0.100356
0.100473
0.10059
0.100706
0.100823
0.10094
0.101057
0.101189
0.101306
0.101423
0.101539
0.101656
0.101773
0.10189
0.102007
0.102123
0.10224
0.102357
0.102474
0.102591
0.102707
0.102824
0.102941
0.103058
0.103175
0.103291
0.103408
0.103525
0.103657
0.103774
0.103891
0.104007
0.104124
0.104241
0.104358
0.104475
0.104591
0.104708
0.10484
0.104957
0.105074
0.105191
0.105308
0.105424
0.105541
0.105658
0.105775
0.105892
0.106008
0.106125
0.106242
0.106359
0.106476
0.106592
0.106709
0.106826
0.106943
0.10706
0.107176
0.107308
0.107425
0.107542
0.107659
0.107776
0.107893
0.108009
0.108126
0.108243
0.10836
0.108492
0.108609
0.108725
0.108842
0.108959
0.109076
0.109193
0.109309
0.109426
0.109543
0.10966
0.109777
0.109893
0.11001
0.110127
0.110244
0.110361
0.110477
0.110594
0.110711
0.110828
0.11096
0.111077
0.111194
0.11131
0.111427
0.111544
0.111661
0.111778
0.111894
0.112011
0.112128
0.11226
0.112377
0.112494
0.11261
0.112727
0.112844
0.112961
0.113078
0.113194
0.113311
0.113428
0.113545
0.113662
0.113778
0.113895
0.114012
0.114129
0.114246
0.114362
0.114479
0.114611
0.114728
0.114845
0.114962
0.115079
0.115195
0.115312
0.115429
0.115546
0.115663
0.115779
0.115911
0.116028
0.116145
0.116262
0.116379
0.116495
0.116612
0.116729
0.116846
0.116963
0.117079
0.117196
0.117313
0.11743
0.117547
0.117664
0.11778
0.117897
0.118014
0.118131
0.118263
0.11838
0.118496
0.118613
0.11873
0.118847
0.118964
0.11908
0.119197
0.119314
0.119431
0.119563
0.11968
0.119796
0.119913
0.12003
0.120147
0.120264
0.120381
0.120497
0.120614
0.120731
0.120848
0.120965
0.121081
0.121198
0.121315
0.121432
0.121549
0.121665
0.121782
0.121899
0.122031
0.122148
0.122265
0.122381
0.122498
0.122615
0.122732
0.122849
0.122965
0.123082
0.123214
0.123331
0.123448
0.123565
0.123682
0.123798
0.123915
0.124032
0.124149
0.124266
0.124382
0.124499
0.124616
0.124733
0.12485
0.124966
0.125083
0.1252
0.125317
0.125434
0.12555
0.125682
0.125799
0.125916
0.126033
0.12615
0.126266
0.126383
0.1265
0.126617
0.126734
0.126866
0.126983
0.127099
0.127216
0.127333
0.12745
0.127567
0.127683
0.1278
0.127917
0.128034
0.128151
0.128267
0.128384
0.128501
0.128618
0.128735
0.128851
0.128968
0.129085
0.129202
0.129334
0.129451
0.129568
0.129684
0.129801
0.129918
0.130035
0.130152
0.130268
0.130385
0.130502
0.130634
0.130751
0.130868
0.130984
0.131101
0.131218
0.131335
0.131452
0.131568
0.131685
0.131802
0.131919
0.132036
0.132152
0.132269
0.132386
0.132503
0.13262
0.132736
0.132853
0.132985
0.133102
0.133219
0.133336
0.133453
0.133569
0.133686
0.133803
0.13392
0.134037
0.134153
0.134285
0.134402
0.134519
0.134636
0.134753
0.134869
0.134986
0.135103
0.13522
0.135337
0.135453
0.13557
0.135687
0.135804
0.135921
0.136037
0.136154
0.136271
0.136388
0.136505
0.136622
0.136754
0.13687
0.136987
0.137104
0.137221
0.137338
0.137454
0.137571
0.137688
0.137805
0.137937
0.138054
0.13817
0.138287
0.138404
0.138521
0.138638
0.138754
0.138871
0.138988
0.139105
0.139222
0.139339
0.139455
0.139572
0.139689
0.139806
0.139923
0.140039
0.140156
0.140273
0.140405
0.140522
0.140639
0.140755
0.140872
0.140989
0.141106
0.141223
0.141339
0.141456
0.141573
0.141705
0.141822
0.141939
0.142056
0.142172
0.142289
0.142406
0.142523
0.14264
0.142756
0.142873
0.14299
0.143107
0.143224
0.14334
0.143457
0.143574
0.143691
0.143808
0.143924
0.144056
0.144173
0.14429
0.144407
0.144524
0.14464
0.144757
0.144874
0.144991
0.145108
0.145224
0.145357
0.145473
0.14559
0.145707
0.145824
0.145941
0.146057
0.146174
0.146291
0.146408
0.146525
0.146641
0.146758
0.146875
0.146992
0.147109
0.147225
0.147342
0.147459
0.147576
0.147693
0.147825
0.147941
0.148058
0.148175
0.148292
0.148409
0.148525
0.148642
0.148759
0.148876
0.149008
0.149125
0.149242
0.149358
0.149475
0.149592
0.149709
0.149826
0.149942
0.150059
0.150176
0.150293
0.15041
0.150526
0.150643
0.15076
0.150877
0.150994
0.15111
0.151227
0.151344
0.151476
0.151593
0.15171
0.151827
0.151943
0.15206
0.152177
0.152294
0.152411
0.152527
0.152659
0.152776
0.152893
0.15301
0.153127
0.153243
0.15336
0.153477
0.153594
0.153711
0.153827
0.153944
0.154061
0.154178
0.154295
0.154411
0.154528
0.154645
0.154762
0.154879
0.154995
0.155128
0.155244
0.155361
0.155478
0.155595
0.155712
0.155828
0.155945
0.156062
0.156179
0.156296
0.156428
0.156544
0.156661
0.156778
0.156895
0.157012
0.157128
0.157245
0.157362
0.157479
0.157596
0.157712
0.157829
0.157946
0.158063
0.15818
0.158297
0.158413
0.15853
0.158647
0.158764
0.158896
0.159013
0.159129
0.159246
0.159363
0.15948
0.159597
0.159713
0.15983
0.159947
0.160079
0.160196
0.160313
0.160429
0.160546
0.160663
0.16078
0.160897
0.161014
0.16113
0.161247
0.161364
0.161481
0.161598
0.161714
0.161831
0.161948
0.162065
0.162182
0.162298
0.162415
0.162547
0.162664
0.162781
0.162898
0.163014
0.163131
0.163248
0.163365
0.163482
0.163598
0.163715
0.163847
0.163964
0.164081
0.164198
0.164315
0.164431
0.164548
0.164665
0.164782
0.164899
0.165015
0.165132
0.165249
0.165366
0.165483
0.165599
0.165716
0.165833
0.16595
0.166067
0.166199
0.166315
0.166432
0.166549
0.166666
0.166783
0.166899
0.167016
0.167133
0.16725
0.167367
0.167499
0.167616
0.167732
0.167849
0.167966
0.168083
0.1682
0.168316
0.168433
0.16855
0.168667
0.168784
0.1689
0.169017
0.169134
0.169251
0.169368
0.169484
0.169601
0.169718
0.169835
0.169967
0.170084
0.1702
0.170317
0.170434
0.170551
0.170668
0.170785
0.170901
0.171018
0.17115
0.171267
0.171384
0.171501
0.171617
0.171734
0.171851
0.171968
0.172085
0.172201
0.172318
0.172435
0.172552
0.172669
0.172785
0.172902
0.173019
0.173136
0.173253
0.173369
0.173486
0.173618
0.173735
0.173852
0.173969
0.174086
0.174202
0.174319
0.174436
0.174553
0.17467
0.174786
0.174918
0.175035
0.175152
0.175269
0.175386
0.175502
0.175619
0.175736
0.175853
0.17597
0.176086
0.176203
0.17632
0.176437
0.176554
0.17667
0.176787
0.176904
0.177021
0.177138
0.177254
0.177387
0.177503
0.17762
0.177737
0.177854
0.177971
0.178087
0.178204
0.178321
0.178438
0.17857
0.178687
0.178803
0.17892
0.179037
0.179154
0.179271
0.179387
0.179504
0.179621
0.179738
0.179855
0.179971
0.180088
0.180205
0.180322
0.180439
0.180556
0.180672
0.180789
0.180906
0.181038
0.181155
0.181272
0.181388
0.181505
0.181622
0.181739
0.181856
0.181972
0.182089
0.182206
0.182338
0.182455
0.182572
0.182689
0.182805
0.182922
0.183039
0.183156
0.183273
0.183389
0.183506
0.183623
0.18374
0.183857
0.183973
0.18409
0.184207
0.184324
0.184441
0.184557
0.184674
0.184806
0.184923
0.18504
0.185157
0.185273
0.18539
0.185507
0.185624
0.185741
0.185857
0.18599
0.186106
0.186223
0.18634
0.186457
0.186574
0.18669
0.186807
0.186924
0.187041
0.187158
0.187274
0.187391
0.187508
0.187625
0.187742
0.187858
0.187975
0.188092
0.188209
0.188326
0.188458
0.188574
0.188691
0.188808
0.188925
0.189042
0.189158
0.189275
0.189392
0.189509
0.189626
0.189758
0.189875
0.189991
0.190108
0.190225
0.190342
0.190459
0.190575
0.190692
0.190809
0.190926
0.191043
0.191159
0.191276
0.191393
0.19151
0.191627
0.191743
0.19186
0.191977
0.192094
0.192226
0.192343
0.19246
0.192576
0.192693
0.19281
0.192927
0.193044
0.19316
0.193277
0.193409
0.193526
0.193643
0.19376
0.193876
0.193993
0.19411
0.194227
0.194344
0.19446
0.194577
0.194694
0.194811
0.194928
0.195044
0.195161
0.195278
0.195395
0.195512
0.195628
0.195745
0.195877
0.195994
0.196111
0.196228
0.196345
0.196461
0.196578
0.196695
0.196812
0.196929
0.197045
0.197177
0.197294
0.197411
0.197528
0.197645
0.197761
0.197878
0.197995
0.198112
0.198229
0.198345
0.198462
0.198579
0.198696
0.198813
0.198929
0.199046
0.199163
0.19928
0.199397
0.199514
0.199646
0.199762
0.199879
0.199996
0.200113
0.20023
0.200346
0.200463
0.20058
0.200697
0.200814
0.200946
0.201062
0.201179
0.201296
0.201413
0.20153
0.201646
0.201763
0.20188
0.201997
0.202114
0.202231
0.202347
0.202464
0.202581
0.202698
0.202815
0.202931
0.203048
0.203165
0.203282
0.203414
0.203531
0.203647
0.203764
0.203881
0.203998
0.204115
0.204231
0.204348
0.204465
0.204597
0.204714
0.204831
0.204948
0.205064
0.205181
0.205298
0.205415
0.205532
0.205648
0.205765
0.205882
0.205999
0.206116
0.206232
0.206349
0.206466
0.206583
0.2067
0.206816
0.206933
0.207065
0.207182
0.207299
0.207416
0.207532
0.207649
0.207766
0.207883
0.208
0.208116
0.208233
0.208365
0.208482
0.208599
0.208716
0.208833
0.208949
0.209066
0.209183
0.2093
0.209417
0.209533
0.20965
0.209767
0.209884
0.210001
0.210117
0.210234
0.210351
0.210468
0.210585
0.210701
0.210833
0.21095
0.211067
0.211184
0.211301
0.211418
0.211534
0.211651
0.211768
0.211885
0.212002
0.212134
0.21225
0.212367
0.212484
0.212601
0.212718
0.212834
0.212951
0.213068
0.213185
0.213302
0.213418
0.213535
0.213652
0.213769
0.213886
0.214002
0.214119
0.214236
0.214353
0.21447
0.214602
0.214719
0.214835
0.214952
0.215069
0.215186
0.215303
0.215419
0.215536
0.215653
0.215785
0.215902
0.216019
0.216135
0.216252
0.216369
0.216486
0.216603
0.216719
0.216836
0.216953
0.21707
0.217187
0.217303
0.21742
0.217537
0.217654
0.217771
0.217887
0.218004
0.218121
0.218253
0.21837
0.218487
0.218604
0.21872
0.218837
0.218954
0.219071
0.219188
0.219304
0.219421
0.219553
0.21967
0.219787
0.219904
0.22002
0.220137
0.220254
0.220371
0.220488
0.220604
0.220721
0.220838
0.220955
0.221072
0.221189
0.221305
0.221422
0.221539
0.221656
0.221773
0.221889
0.222021
0.222138
0.222255
0.222372
0.222489
0.222605
0.222722
0.222839
0.222956
0.223073
0.223189
0.223321
0.223438
0.223555
0.223672
0.223789
0.223906
0.224022
0.224139
0.224256
0.224373
0.22449
0.224606
0.224723
0.22484
0.224957
0.225074
0.22519
0.225307
0.225424
0.225541
0.225658
0.22579
0.225906
0.226023
0.22614
0.226257
0.226374
0.22649
0.226607
0.226724
0.226841
0.226958
0.22709
0.227207
0.227323
0.22744
0.227557
0.227674
0.227791
0.227907
0.228024
0.228141
0.228258
0.228375
0.228491
0.228608
0.228725
0.228842
0.228959
0.229075
0.229192
0.229309
0.229426
0.229558
0.229675
0.229791
0.229908
0.230025
0.230142
0.230259
0.230375
0.230492
0.230609
0.230741
0.230858
0.230975
0.231092
0.231208
0.231325
0.231442
0.231559
0.231676
0.231792
0.231909
0.232026
0.232143
0.23226
0.232376
0.232493
0.23261
0.232727
0.232844
0.23296
0.233077
0.233209
0.233326
0.233443
0.23356
0.233677
0.233793
0.23391
0.234027
0.234144
0.234261
0.234377
0.234509
0.234626
0.234743
0.23486
0.234977
0.235093
0.23521
0.235327
0.235444
0.235561
0.235677
0.235794
0.235911
0.236028
0.236145
0.236261
0.236378
0.236495
0.236612
0.236729
0.236845
0.236978
0.237094
0.237211
0.237328
0.237445
0.237562
0.237678
0.237795
0.237912
0.238029
0.238146
0.238278
0.238394
0.238511
0.238628
0.238745
0.238862
0.238978
0.239095
0.239212
0.239329
0.239446
0.239562
0.239679
0.239796
0.239913
0.24003
0.240147
0.240263
0.24038
0.240497
0.240614
0.240746
0.240863
0.240979
0.241096
0.241213
0.24133
0.241447
0.241563
0.24168
0.241797
0.241914
0.242046
0.242163
0.242279
0.242396
0.242513
0.24263
0.242747
0.242864
0.24298
0.243097
0.243214
0.243331
0.243448
0.243564
0.243681
0.243798
0.243915
0.244032
0.244148
0.244265
0.244382
0.244514
0.244631
0.244748
0.244864
0.244981
0.245098
0.245215
0.245332
0.245448
0.245565
0.245682
0.245814
0.245931
0.246048
0.246165
0.246281
0.246398
0.246515
0.246632
0.246749
0.246865
0.246982
0.247099
0.247216
0.247333
0.247449
0.247566
0.247683
0.2478
0.247917
0.248033
0.24815
0.248282
0.248399
0.248516
0.248633
0.248749
0.248866
0.248983
0.2491
0.249217
0.249333
0.24945
0.249582
0.249699
0.249816
0.249933
0.25005
0.250166
0.250283
0.2504
0.250517
0.250634
0.25075
0.250867
0.250984
0.251101
0.251218
0.251334
0.251451
0.251568
0.251685
0.251802
0.251918
0.25205
0.252167
0.252284
0.252401
0.252518
0.252635
0.252751
0.252868
0.252985
0.253102
0.253219
0.253351
0.253467
0.253584
0.253701
0.253818
0.253935
0.254051
0.254168
0.254285
0.254402
0.254519
0.254635
0.254752
0.254869
0.254986
0.255103
0.255219
0.255336
0.255453
0.25557
0.255687
0.255819
0.255936
0.256052
0.256169
0.256286
0.256403
0.25652
0.256636
0.256753
0.25687
0.256987
0.257119
0.257236
0.257352
0.257469
0.257586
0.257703
0.25782
0.257936
0.258053
0.25817
0.258287
0.258404
0.25852
0.258637
0.258754
0.258871
0.258988
0.259104
0.259221
0.259338
0.259455
0.259587
0.259704
0.259821
0.259937
0.260054
0.260171
0.260288
0.260405
0.260521
0.260638
0.260755
0.260887
0.261004
0.261121
0.261237
0.261354
0.261471
0.261588
0.261705
0.261821
0.261938
0.262055
0.262172
0.262289
0.262406
0.262522
0.262639
0.262756
0.262873
0.26299
0.263106
0.263223
0.263355
0.263472
0.263589
0.263706
0.263822
0.263939
0.264056
0.264173
0.26429
0.264406
0.264523
0.264655
0.264772
0.264889
0.265006
0.265123
0.265239
0.265356
0.265473
0.26559
0.265707
0.265823
0.26594
0.266057
0.266174
0.266291
0.266407
0.266524
0.266641
0.266758
0.266875
0.266991
0.267123
0.26724
0.267357
0.267474
0.267591
0.267707
0.267824
0.267941
0.268058
0.268175
0.268291
0.268424
0.26854
0.268657
0.268774
0.268891
0.269008
0.269124
0.269241
0.269358
0.269475
0.269592
0.269708
0.269825
0.269942
0.270059
0.270176
0.270292
0.270409
0.270526
0.270643
0.27076
0.270892
0.271008
0.271125
0.271242
0.271359
0.271476
0.271593
0.271709
0.271826
0.271943
0.27206
0.272192
0.272309
0.272425
0.272542
0.272659
0.272776
0.272893
0.273009
0.273126
0.273243
0.27336
0.273477
0.273593
0.27371
0.273827
0.273944
0.274061
0.274177
0.274294
0.274411
0.274528
0.274645
0.274777
0.274894
0.27501
0.275127
0.275244
0.275361
0.275478
0.275594
0.275711
0.275828
0.275945
0.276077
0.276194
0.27631
0.276427
0.276544
0.276661
0.276778
0.276894
0.277011
0.277128
0.277245
0.277362
0.277478
0.277595
0.277712
0.277829
0.277946
0.278062
0.278179
0.278296
0.278413
0.278545
0.278662
0.278779
0.278895
0.279012
0.279129
0.279246
0.279363
0.279479
0.279596
0.279713
0.279845
0.279962
0.280079
0.280195
0.280312
0.280429
0.280546
0.280663
0.280779
0.280896
0.281013
0.28113
0.281247
0.281364
0.28148
0.281597
0.281714
0.281831
0.281948
0.282064
0.282181
0.282313
0.28243
0.282547
0.282664
0.28278
0.282897
0.283014
0.283131
0.283248
0.283364
0.283481
0.283613
0.28373
0.283847
0.283964
0.284081
0.284197
0.284314
0.284431
0.284548
0.284665
0.284781
0.284898
0.285015
0.285132
0.285249
0.285365
0.285482
0.285599
0.285716
0.285833
0.285949
0.286081
0.286198
0.286315
0.286432
0.286549
0.286665
0.286782
0.286899
0.287016
0.287133
0.287249
0.287382
0.287498
0.287615
0.287732
0.287849
0.287966
0.288082
0.288199
0.288316
0.288433
0.28855
0.288666
0.288783
0.2889
0.289017
0.289134
0.28925
0.289367
0.289484
0.289601
0.289718
0.289834
0.289966
0.290083
0.2902
0.290317
0.290434
0.29055
0.290667
0.290784
0.290901
0.291018
0.291135
0.291267
0.291383
0.2915
0.291617
0.291734
0.291851
0.291967
0.292084
0.292201
0.292318
0.292435
0.292551
0.292668
0.292785
0.292902
0.293019
0.293135
0.293252
0.293369
0.293486
0.293603
0.293735
0.293852
0.293968
0.294085
0.294202
0.294319
0.294436
0.294552
0.294669
0.294786
0.294903
0.295035
0.295152
0.295268
0.295385
0.295502
0.295619
0.295736
0.295852
0.295969
0.296086
0.296203
0.29632
0.296436
0.296553
0.29667
0.296787
0.296904
0.29702
0.297137
0.297254
0.297371
0.297503
0.29762
0.297737
0.297853
0.29797
0.298087
0.298204
0.298321
0.298437
0.298554
0.298671
0.298803
0.29892
0.299037
0.299153
0.29927
0.299387
0.299504
0.299621
0.299737
0.299854
0.299971
0.300088
0.300205
0.300322
0.300438
0.300555
0.300672
0.300789
0.300906
0.301022
0.301139
0.301256
0.301388
0.301505
0.301622
0.301738
0.301855
0.301972
0.302089
0.302206
0.302322
0.302439
0.302556
0.302688
0.302805
0.302922
0.303039
0.303155
0.303272
0.303389
0.303506
0.303623
0.303739
0.303856
0.303973
0.30409
0.304207
0.304323
0.30444
0.304557
0.304674
0.304791
0.304907
0.305024
0.305156
0.305273
0.30539
0.305507
0.305623
0.30574
0.305857
0.305974
0.306091
0.306207
0.306324
0.306456
0.306573
0.30669
0.306807
0.306924
0.30704
0.307157
0.307274
0.307391
0.307508
0.307624
0.307741
0.307858
0.307975
0.308092
0.308208
0.308325
0.308442
0.308559
0.308676
0.308792
0.308909
0.309041
0.309158
0.309275
0.309392
0.309508
0.309625
0.309742
0.309859
0.309976
0.310093
0.310209
0.310341
0.310458
0.310575
0.310692
0.310809
0.310925
0.311042
0.311159
0.311276
0.311393
0.311509
0.311626
0.311743
0.31186
0.311977
0.312093
0.31221
0.312327
0.312444
0.312561
0.312677
0.31281
0.312926
0.313043
0.31316
0.313277
0.313394
0.31351
0.313627
0.313744
0.313861
0.313978
0.314094
0.314226
0.314343
0.31446
0.314577
0.314694
0.31481
0.314927
0.315044
0.315161
0.315278
0.315394
0.315511
0.315628
0.315745
0.315862
0.315978
0.316095
0.316212
0.316329
0.316446
0.316562
0.316695
0.316811
0.316928
0.317045
0.317162
0.317279
0.317395
0.317512
0.317629
0.317746
0.317863
0.317995
0.318111
0.318228
0.318345
0.318462
0.318579
0.318695
0.318812
0.318929
0.319046
0.319163
0.319279
0.319396
0.319513
0.31963
0.319747
0.319864
0.31998
0.320097
0.320214
0.320331
0.320448
0.32058
0.320696
0.320813
0.32093
0.321047
0.321164
0.32128
0.321397
0.321514
0.321631
0.321748
0.32188
0.321996
0.322113
0.32223
0.322347
0.322464
0.322581
0.322697
0.322814
0.322931
0.323048
0.323165
0.323281
0.323398
0.323515
0.323632
0.323749
0.323865
0.323982
0.324099
0.324216
0.324348
0.324465
0.324581
0.324698
0.324815
0.324932
0.325049
0.325165
0.325282
0.325399
0.325516
0.325648
0.325765
0.325882
0.325998
0.326115
0.326232
0.326349
0.326466
0.326582
0.326699
0.326816
0.326933
0.32705
0.327166
0.327283
0.3274
0.327517
0.327634
0.32775
0.327867
0.327984
0.328101
0.328233
0.32835
0.328466
0.328583
0.3287
0.328817
0.328934
0.32905
0.329167
0.329284
0.329401
0.329533
0.32965
0.329767
0.329883
0.33
0.330117
0.330234
0.330351
0.330467
0.330584
0.330701
0.330818
0.330935
0.331051
0.331168
0.331285
0.331402
0.331519
0.331635
0.331752
0.331869
0.331986
0.332118
0.332235
0.332352
0.332468
0.332585
0.332702
0.332819
0.332936
0.333052
0.333169
0.333286
0.333418
0.333535
0.333652
0.333768
0.333885
0.334002
0.334119
0.334236
0.334352
0.334469
0.334586
0.334703
0.33482
0.334936
0.335053
0.33517
0.335287
0.335404
0.33552
0.335637
0.335754
0.335871
0.336003
0.33612
0.336237
0.336353
0.33647
0.336587
0.336704
0.336821
0.336937
0.337054
0.337171
0.337303
0.33742
0.337537
0.337653
0.33777
0.337887
0.338004
0.338121
0.338237
0.338354
0.338471
0.338588
0.338705
0.338822
0.338938
0.339055
0.339172
0.339289
0.339406
0.339522
0.339639
0.339756
0.339888
0.340005
0.340122
0.340238
0.340355
0.340472
0.340589
0.340706
0.340822
0.340939
0.341056
0.341188
0.341305
0.341422
0.341539
0.341655
0.341772
0.341889
0.342006
0.342123
0.342239
0.342356
0.342473
0.34259
0.342707
0.342823
0.34294
0.343057
0.343174
0.343291
0.343407
0.343524
0.343656
0.343773
0.34389
0.344007
0.344123
0.34424
0.344357
0.344474
0.344591
0.344707
0.344824
0.344941
0.345073
0.34519
0.345307
0.345424
0.34554
0.345657
0.345774
0.345891
0.346008
0.346124
0.346241
0.346358
0.346475
0.346592
0.346708
0.346825
0.346942
0.347059
0.347176
0.347292
0.347409
0.347541
0.347658
0.347775
0.347892
0.348008
0.348125
0.348242
0.348359
0.348476
0.348593
0.348709
0.348826
0.348958
0.349075
0.349192
0.349309
0.349425
0.349542
0.349659
0.349776
0.349893
0.350009
0.350126
0.350243
0.35036
0.350477
0.350593
0.35071
0.350827
0.350944
0.351061
0.351177
0.351294
0.351426
0.351543
0.35166
0.351777
0.351894
0.35201
0.352127
0.352244
0.352361
0.352478
0.352594
0.352711
0.352843
0.35296
0.353077
0.353194
0.35331
0.353427
0.353544
0.353661
0.353778
0.353894
0.354011
0.354128
0.354245
0.354362
0.354478
0.354595
0.354712
0.354829
0.354946
0.355062
0.355179
0.355311
0.355428
0.355545
0.355662
0.355779
0.355895
0.356012
0.356129
0.356246
0.356363
0.356479
0.356596
0.356728
0.356845
0.356962
0.357079
0.357195
0.357312
0.357429
0.357546
0.357663
0.357779
0.357896
0.358013
0.35813
0.358247
0.358364
0.35848
0.358597
0.358714
0.358831
0.358948
0.359064
0.359196
0.359313
0.35943
0.359547
0.359664
0.35978
0.359897
0.360014
0.360131
0.360248
0.360364
0.360481
0.360613
0.36073
0.360847
0.360964
0.361081
0.361197
0.361314
0.361431
0.361548
0.361665
0.361781
0.361898
0.362015
0.362132
0.362249
0.362365
0.362482
0.362599
0.362716
0.362833
0.362949
0.363066
0.363198
0.363315
0.363432
0.363549
0.363665
0.363782
0.363899
0.364016
0.364133
0.364249
0.364366
0.364498
0.364615
0.364732
0.364849
0.364966
0.365082
0.365199
0.365316
0.365433
0.36555
0.365666
0.365783
0.3659
0.366017
0.366134
0.36625
0.366367
0.366484
0.366601
0.366718
0.366834
0.366951
0.367083
0.3672
0.367317
0.367434
0.367551
0.367667
0.367784
0.367901
0.368018
0.368135
0.368251
0.368383
0.3685
0.368617
0.368734
0.368851
0.368967
0.369084
0.369201
0.369318
0.369435
0.369551
0.369668
0.369785
0.369902
0.370019
0.370135
0.370252
0.370369
0.370486
0.370603
0.370719
0.370836
0.370968
0.371085
0.371202
0.371319
0.371436
0.371552
0.371669
0.371786
0.371903
0.37202
0.372136
0.372268
0.372385
0.372502
0.372619
0.372736
0.372852
0.372969
0.373086
0.373203
0.37332
0.373436
0.373553
0.37367
0.373787
0.373904
0.37402
0.374137
0.374254
0.374371
0.374488
0.374605
0.374721
0.374853
0.37497
0.375087
0.375204
0.375321
0.375437
0.375554
0.375671
0.375788
0.375905
0.376021
0.376138
0.37627
0.376387
0.376504
0.376621
0.376737
0.376854
0.376971
0.377088
0.377205
0.377322
0.377438
0.377555
0.377672
0.377789
0.377906
0.378022
0.378139
0.378256
0.378373
0.37849
0.378606
0.378723
0.378855
0.378972
0.379089
0.379206
0.379322
0.379439
0.379556
0.379673
0.37979
0.379906
0.380023
0.380155
0.380272
0.380389
0.380506
0.380623
0.380739
0.380856
0.380973
0.38109
0.381207
0.381323
0.38144
0.381557
0.381674
0.381791
0.381907
0.382024
0.382141
0.382258
0.382375
0.382491
0.382608
0.38274
0.382857
0.382974
0.383091
0.383207
0.383324
0.383441
0.383558
0.383675
0.383791
0.383908
0.38404
0.384157
0.384274
0.384391
0.384508
0.384624
0.384741
0.384858
0.384975
0.385092
0.385208
0.385325
0.385442
0.385559
0.385676
0.385792
0.385909
0.386026
0.386143
0.38626
0.386376
0.386493
0.386625
0.386742
0.386859
0.386976
0.387093
0.387209
0.387326
0.387443
0.38756
0.387677
0.387793
0.38791
0.388042
0.388159
0.388276
0.388393
0.388509
0.388626
0.388743
0.38886
0.388977
0.389093
0.38921
0.389327
0.389444
0.389561
0.389677
0.389794
0.389911
0.390028
0.390145
0.390261
0.390378
0.390495
0.390627
0.390744
0.390861
0.390978
0.391094
0.391211
0.391328
0.391445
0.391562
0.391678
0.391795
0.391927
0.392044
0.392161
0.392278
0.392394
0.392511
0.392628
0.392745
0.392862
0.392978
0.393095
0.393212
0.393329
0.393446
0.393562
0.393679
0.393796
0.393913
0.39403
0.394147
0.394263
0.39438
0.394497
0.394629
0.394746
0.394863
0.394979
0.395096
0.395213
0.39533
0.395447
0.395563
0.39568
0.395797
0.395929
0.396046
0.396163
0.39628
0.396396
0.396513
0.39663
0.396747
0.396864
0.39698
0.397097
0.397214
0.397331
0.397448
0.397564
0.397681
0.397798
0.397915
0.398032
0.398148
0.398265
0.398382
0.398514
0.398631
0.398748
0.398864
0.398981
0.399098
0.399215
0.399332
0.399448
0.399565
0.399682
0.399799
0.399931
0.400048
0.400165
0.400281
0.400398
0.400515
0.400632
0.400749
0.400865
0.400982
0.401099
0.401216
0.401333
0.401449
0.401566
0.401683
0.4018
0.401917
0.402033
0.40215
0.402267
0.402384
0.402516
0.402633
0.402749
0.402866
0.402983
0.4031
0.403217
0.403334
0.40345
0.403567
0.403684
0.403816
0.403933
0.40405
0.404166
0.404283
0.4044
0.404517
0.404634
0.40475
0.404867
0.404984
0.405101
0.405218
0.405334
0.405451
0.405568
0.405685
0.405802
0.405918
0.406035
0.406152
0.406269
0.406401
0.406518
0.406635
0.406751
0.406868
0.406985
0.407102
0.407219
0.407335
0.407452
0.407569
0.407686
0.407818
0.407935
0.408051
0.408168
0.408285
0.408402
0.408519
0.408635
0.408752
0.408869
0.408986
0.409103
0.409219
0.409336
0.409453
0.40957
0.409687
0.409803
0.40992
0.410037
0.410154
0.410271
0.410403
0.41052
0.410636
0.410753
0.41087
0.410987
0.411104
0.41122
0.411337
0.411454
0.411571
0.411688
0.41182
0.411936
0.412053
0.41217
0.412287
0.412404
0.41252
0.412637
0.412754
0.412871
0.412988
0.413105
0.413221
0.413338
0.413455
0.413572
0.413689
0.413805
0.413922
0.414039
0.414156
0.414273
0.414405
0.414521
0.414638
0.414755
0.414872
0.414989
0.415105
0.415222
0.415339
0.415456
0.415573
0.415689
0.415822
0.415938
0.416055
0.416172
0.416289
0.416406
0.416522
0.416639
0.416756
0.416873
0.41699
0.417106
0.417223
0.41734
0.417457
0.417574
0.41769
0.417807
0.417924
0.418041
0.418158
0.418274
0.418406
0.418523
0.41864
0.418757
0.418874
0.41899
0.419107
0.419224
0.419341
0.419458
0.419574
0.419691
0.419823
0.41994
0.420057
0.420174
0.420291
0.420407
0.420524
0.420641
0.420758
0.420875
0.420991
0.421108
0.421225
0.421342
0.421459
0.421575
0.421692
0.421809
0.421926
0.422043
0.422159
0.422276
0.422408
0.422525
0.422642
0.422759
0.422876
0.422992
0.423109
0.423226
0.423343
0.42346
0.423576
0.423693
0.423825
0.423942
0.424059
0.424176
0.424292
0.424409
0.424526
0.424643
0.42476
0.424876
0.424993
0.42511
0.425227
0.425344
0.42546
0.425577
0.425694
0.425811
0.425928
0.426044
0.426161
0.426278
0.42641
0.426527
0.426644
0.426761
0.426877
0.426994
0.427111
0.427228
0.427345
0.427461
0.427578
0.427695
0.427827
0.427944
0.428061
0.428177
0.428294
0.428411
0.428528
0.428645
0.428761
0.428878
0.428995
0.429112
0.429229
0.429345
0.429462
0.429579
0.429696
0.429813
0.42993
0.430046
0.430163
0.43028
0.430412
0.430529
0.430646
0.430762
0.430879
0.430996
0.431113
0.43123
0.431346
0.431463
0.43158
0.431697
0.431829
0.431946
0.432063
0.432179
0.432296
0.432413
0.43253
0.432647
0.432763
0.43288
0.432997
0.433114
0.433231
0.433347
0.433464
0.433581
0.433698
0.433815
0.433931
0.434048
0.434165
0.434282
0.434414
0.434531
0.434647
0.434764
0.434881
0.434998
0.435115
0.435231
0.435348
0.435465
0.435582
0.435699
0.435831
0.435948
0.436064
0.436181
0.436298
0.436415
0.436532
0.436648
0.436765
0.436882
0.436999
0.437116
0.437232
0.437349
0.437466
0.437583
0.4377
0.437816
0.437933
0.43805
0.438167
0.438284
0.438416
0.438532
0.438649
0.438766
0.438883
0.439
0.439117
0.439233
0.43935
0.439467
0.439584
0.439701
0.439833
0.439949
0.440066
0.440183
0.4403
0.440417
0.440533
0.44065
0.440767
0.440884
0.441001
0.441117
0.441234
0.441351
0.441468
0.441585
0.441701
0.441818
0.441935
0.442052
0.442169
0.442285
0.442402
0.442534
0.442651
0.442768
0.442885
0.443002
0.443118
0.443235
0.443352
0.443469
0.443586
0.443702
0.443834
0.443951
0.444068
0.444185
0.444302
0.444418
0.444535
0.444652
0.444769
0.444886
0.445002
0.445119
0.445236
0.445353
0.44547
0.445586
0.445703
0.44582
0.445937
0.446054
0.446171
0.446287
0.446404
0.446536
0.446653
0.44677
0.446887
0.447003
0.44712
0.447237
0.447354
0.447471
0.447587
0.447704
0.447821
0.447953
0.44807
0.448187
0.448303
0.44842
0.448537
0.448654
0.448771
0.448888
0.449004
0.449121
0.449238
0.449355
0.449472
0.449588
0.449705
0.449822
0.449939
0.450056
0.450172
0.450289
0.450406
0.450538
0.450655
0.450772
0.450888
0.451005
0.451122
0.451239
0.451356
0.451472
0.451589
0.451706
0.451823
0.451955
0.452072
0.452189
0.452305
0.452422
0.452539
0.452656
0.452773
0.452889
0.453006
0.453123
0.45324
0.453357
0.453473
0.45359
0.453707
0.453824
0.453941
0.454057
0.454174
0.454291
0.454408
0.454525
0.454657
0.454773
0.45489
0.455007
0.455124
0.455241
0.455357
0.455474
0.455591
0.455708
0.455825
0.455942
0.456074
0.45619
0.456307
0.456424
0.456541
0.456658
0.456774
0.456891
0.457008
0.457125
0.457242
0.457358
0.457475
0.457592
0.457709
0.457826
0.457942
0.458059
0.458176
0.458293
0.45841
0.458526
0.458659
0.458775
0.458892
0.459009
0.459126
0.459243
0.459359
0.459476
0.459593
0.45971
0.459827
0.459943
0.460075
0.460192
0.460309
0.460426
0.460543
0.460659
0.460776
0.460893
0.46101
0.461127
0.461243
0.46136
0.461477
0.461594
0.461711
0.461827
0.461944
0.462061
0.462178
0.462295
0.462411
0.462528
0.462645
0.462777
0.462894
0.463011
0.463128
0.463244
0.463361
0.463478
0.463595
0.463712
0.463828
0.463945
0.464062
0.464194
0.464311
0.464428
0.464544
0.464661
0.464778
0.464895
0.465012
0.465128
0.465245
0.465362
0.465479
0.465596
0.465713
0.465829
0.465946
0.466063
0.46618
0.466297
0.466413
0.46653
0.466647
0.466764
0.466896
0.467013
0.467129
0.467246
0.467363
0.46748
0.467597
0.467713
0.46783
0.467947
0.468064
0.468181
0.468313
0.46843
0.468546
0.468663
0.46878
0.468897
0.469014
0.46913
0.469247
0.469364
0.469481
0.469598
0.469714
0.469831
0.469948
0.470065
0.470182
0.470298
0.470415
0.470532
0.470649
0.470766
0.470882
0.471014
0.471131
0.471248
0.471365
0.471482
0.471598
0.471715
0.471832
0.471949
0.472066
0.472182
0.472315
0.472431
0.472548
0.472665
0.472782
0.472899
0.473015
0.473132
0.473249
0.473366
0.473483
0.473599
0.473716
0.473833
0.47395
0.474067
0.474183
0.4743
0.474417
0.474534
0.474651
0.474767
0.474884
0.475016
0.475133
0.47525
0.475367
0.475484
0.4756
0.475717
0.475834
0.475951
0.476068
0.476184
0.476301
0.476433
0.47655
0.476667
0.476784
0.4769
0.477017
0.477134
0.477251
0.477368
0.477484
0.477601
0.477718
0.477835
0.477952
0.478068
0.478185
0.478302
0.478419
0.478536
0.478652
0.478769
0.478886
0.479003
0.479135
0.479252
0.479369
0.479485
0.479602
0.479719
0.479836
0.479953
0.480069
0.480186
0.480303
0.48042
0.480552
0.480669
0.480785
0.480902
0.481019
0.481136
0.481253
0.481369
0.481486
0.481603
0.48172
0.481837
0.481954
0.48207
0.482187
0.482304
0.482421
0.482538
0.482654
0.482771
0.482888
0.483005
0.483122
0.483254
0.48337
0.483487
0.483604
0.483721
0.483838
0.483954
0.484071
0.484188
0.484305
0.484422
0.484538
0.484671
0.484787
0.484904
0.485021
0.485138
0.485255
0.485371
0.485488
0.485605
0.485722
0.485839
0.485955
0.486072
0.486189
0.486306
0.486423
0.486539
0.486656
0.486773
0.48689
0.487007
0.487123
0.48724
0.487372
0.487489
0.487606
0.487723
0.487839
0.487956
0.488073
0.48819
0.488307
0.488423
0.48854
0.488657
0.488789
0.488906
0.489023
0.48914
0.489256
0.489373
0.48949
0.489607
0.489724
0.48984
0.489957
0.490074
0.490191
0.490308
0.490424
0.490541
0.490658
0.490775
0.490892
0.491008
0.491125
0.491242
0.491359
0.491491
0.491608
0.491725
0.491841
0.491958
0.492075
0.492192
0.492309
0.492425
0.492542
0.492659
0.492776
0.492908
0.493025
0.493141
0.493258
0.493375
0.493492
0.493609
0.493725
0.493842
0.493959
0.494076
0.494193
0.494309
0.494426
0.494543
0.49466
0.494777
0.494893
0.49501
0.495127
0.495244
0.495361
0.495477
0.495594
0.495726
0.495843
0.49596
0.496077
0.496194
0.49631
0.496427
0.496544
0.496661
0.496778
0.496894
0.497011
0.497143
0.49726
0.497377
0.497494
0.49761
0.497727
0.497844
0.497961
0.498078
0.498194
0.498311
0.498428
0.498545
0.498662
0.498779
0.498895
0.499012
0.499129
0.499246
0.499363
0.499479
0.499596
0.499713
0.499845
0.499962
0.500079
0.500195
0.500312
0.500429
0.500546
0.500663
0.500779
0.500896
0.501013
0.50113
0.501262
0.501379
0.501496
0.501612
0.501729
0.501846
0.501963
0.50208
0.502196
0.502313
0.50243
0.502547
0.502664
0.50278
0.502897
0.503014
0.503131
0.503248
0.503364
0.503481
0.503598
0.503715
0.503832
0.503964
0.50408
0.504197
0.504314
0.504431
0.504548
0.504664
0.504781
0.504898
0.505015
0.505132
0.505248
0.505381
0.505497
0.505614
0.505731
0.505848
0.505965
0.506081
0.506198
0.506315
0.506432
0.506549
0.506665
0.506782
0.506899
0.507016
0.507133
0.507249
0.507366
0.507483
0.5076
0.507717
0.507833
0.50795
0.508067
0.508199
0.508316
0.508433
0.50855
0.508666
0.508783
0.5089
0.509017
0.509134
0.50925
0.509367
0.509484
0.509616
0.509733
0.50985
0.509966
0.510083
0.5102
0.510317
0.510434
0.51055
0.510667
0.510784
0.510901
0.511018
0.511134
0.511251
0.511368
0.511485
0.511602
0.511718
0.511835
0.511952
0.512069
0.512186
0.512318
0.512435
0.512551
0.512668
0.512785
0.512902
0.513019
0.513135
0.513252
0.513369
0.513486
0.513603
0.513735
0.513851
0.513968
0.514085
0.514202
0.514319
0.514435
0.514552
0.514669
0.514786
0.514903
0.515019
0.515136
0.515253
0.51537
0.515487
0.515604
0.51572
0.515837
0.515954
0.516071
0.516188
0.516304
0.516421
0.516553
0.51667
0.516787
0.516904
0.51702
0.517137
0.517254
0.517371
0.517488
0.517604
0.517721
0.517838
0.51797
0.518087
0.518204
0.518321
0.518437
0.518554
0.518671
0.518788
0.518905
0.519021
0.519138
0.519255
0.519372
0.519489
0.519605
0.519722
0.519839
0.519956
0.520073
0.520189
0.520306
0.520423
0.52054
0.520657
0.520789
0.520905
0.521022
0.521139
0.521256
0.521373
0.521489
0.521606
0.521723
0.52184
0.521957
0.522074
0.522206
0.522322
0.522439
0.522556
0.522673
0.52279
0.522906
0.523023
0.52314
0.523257
0.523374
0.52349
0.523607
0.523724
0.523841
0.523958
0.524074
0.524191
0.524308
0.524425
0.524542
0.524658
0.524775
0.524907
0.525024
0.525141
0.525258
0.525375
0.525491
0.525608
0.525725
0.525842
0.525959
0.526075
0.526192
0.526309
0.526441
0.526558
0.526675
0.526791
0.526908
0.527025
0.527142
0.527259
0.527375
0.527492
0.527609
0.527726
0.527843
0.527959
0.528076
0.528193
0.52831
0.528427
0.528543
0.52866
0.528777
0.528894
0.529011
0.529143
0.52926
0.529376
0.529493
0.52961
0.529727
0.529844
0.52996
0.530077
0.530194
0.530311
0.530428
0.530544
0.530676
0.530793
0.53091
0.531027
0.531144
0.53126
0.531377
0.531494
0.531611
0.531728
0.531845
0.531961
0.532078
0.532195
0.532312
0.532429
0.532545
0.532662
0.532779
0.532896
0.533013
0.533129
0.533246
0.533378
0.533495
0.533612
0.533729
0.533845
0.533962
0.534079
0.534196
0.534313
0.534429
0.534546
0.534663
0.53478
0.534912
0.535029
0.535146
0.535262
0.535379
0.535496
0.535613
0.53573
0.535846
0.535963
0.53608
0.536197
0.536314
0.53643
0.536547
0.536664
0.536781
0.536898
0.537014
0.537131
0.537248
0.537365
0.537482
0.537614
0.53773
0.537847
0.537964
0.538081
0.538198
0.538314
0.538431
0.538548
0.538665
0.538782
0.538899
0.539015
0.539147
0.539264
0.539381
0.539498
0.539615
0.539731
0.539848
0.539965
0.540082
0.540199
0.540315
0.540432
0.540549
0.540666
0.540783
0.540899
0.541016
0.541133
0.54125
0.541367
0.541483
0.5416
0.541717
0.541834
0.541966
0.542083
0.5422
0.542316
0.542433
0.54255
0.542667
0.542784
0.5429
0.543017
0.543134
0.543251
0.543383
0.5435
0.543616
0.543733
0.54385
0.543967
0.544084
0.5442
0.544317
0.544434
0.544551
0.544668
0.544784
0.544901
0.545018
0.545135
0.545252
0.545368
0.545485
0.545602
0.545719
0.545836
0.545953
0.546069
0.546201
0.546318
0.546435
0.546552
0.546669
0.546785
0.546902
0.547019
0.547136
0.547253
0.547369
0.547486
0.547618
0.547735
0.547852
0.547969
0.548085
0.548202
0.548319
0.548436
0.548553
0.54867
0.548786
0.548903
0.54902
0.549137
0.549254
0.54937
0.549487
0.549604
0.549721
0.549838
0.549954
0.550071
0.550188
0.550305
0.550437
0.550554
0.55067
0.550787
0.550904
0.551021
0.551138
0.551254
0.551371
0.551488
0.551605
0.551722
0.551854
0.551971
0.552087
0.552204
0.552321
0.552438
0.552555
0.552671
0.552788
0.552905
0.553022
0.553139
0.553255
0.553372
0.553489
0.553606
0.553723
0.553839
0.553956
0.554073
0.55419
0.554307
0.554423
0.55454
0.554657
0.554789
0.554906
0.555023
0.555139
0.555256
0.555373
0.55549
0.555607
0.555724
0.55584
0.555957
0.556074
0.556206
0.556323
0.55644
0.556556
0.556673
0.55679
0.556907
0.557024
0.55714
0.557257
0.557374
0.557491
0.557608
0.557724
0.557841
0.557958
0.558075
0.558192
0.558308
0.558425
0.558542
0.558659
0.558776
0.558892
0.559025
0.559141
0.559258
0.559375
0.559492
0.559609
0.559725
0.559842
0.559959
0.560076
0.560193
0.560309
0.560426
0.560558
0.560675
0.560792
0.560909
0.561025
0.561142
0.561259
0.561376
0.561493
0.561609
0.561726
0.561843
0.56196
0.562077
0.562193
0.56231
0.562427
0.562544
0.562661
0.562778
0.562894
0.563011
0.563128
0.563245
0.563377
0.563494
0.56361
0.563727
0.563844
0.563961
0.564078
0.564194
0.564311
0.564428
0.564545
0.564662
0.564794
0.564911
0.565027
0.565144
0.565261
0.565378
0.565495
0.565611
0.565728
0.565845
0.565962
0.566079
0.566195
0.566312
0.566429
0.566546
0.566663
0.566779
0.566896
0.567013
0.56713
0.567247
0.567363
0.56748
0.567612
0.567729
0.567846
0.567963
0.568079
0.568196
0.568313
0.56843
0.568547
0.568663
0.56878
0.568897
0.569014
0.569146
0.569263
0.56938
0.569496
0.569613
0.56973
0.569847
0.569964
0.57008
0.570197
0.570314
0.570431
0.570548
0.570664
0.570781
0.570898
0.571015
0.571132
0.571248
0.571365
0.571482
0.571599
0.571716
0.571832
0.571965
0.572081
0.572198
0.572315
0.572432
0.572549
0.572665
0.572782
0.572899
0.573016
0.573133
0.573249
0.573366
0.573498
0.573615
0.573732
0.573849
0.573965
0.574082
0.574199
0.574316
0.574433
0.574549
0.574666
0.574783
0.5749
0.575017
0.575133
0.57525
0.575367
0.575484
0.575601
0.575717
0.575834
0.575951
0.576068
0.576185
0.576317
0.576434
0.57655
0.576667
0.576784
0.576901
0.577018
0.577134
0.577251
0.577368
0.577485
0.577602
0.577718
0.57785
0.577967
0.578084
0.578201
0.578318
0.578434
0.578551
0.578668
0.578785
0.578902
0.579019
0.579135
0.579252
0.579369
0.579486
0.579603
0.579719
0.579836
0.579953
0.58007
0.580187
0.580303
0.58042
0.580537
0.580669
0.580786
0.580903
0.581019
0.581136
0.581253
0.58137
0.581487
0.581603
0.58172
0.581837
0.581954
0.582071
0.582203
0.58232
0.582436
0.582553
0.58267
0.582787
0.582904
0.58302
0.583137
0.583254
0.583371
0.583488
0.583604
0.583721
0.583838
0.583955
0.584072
0.584188
0.584305
0.584422
0.584539
0.584656
0.584772
0.584889
0.585021
0.585138
0.585255
0.585372
0.585488
0.585605
0.585722
0.585839
0.585956
0.586073
0.586189
0.586306
0.586423
0.586555
0.586672
0.586789
0.586905
0.587022
0.587139
0.587256
0.587373
0.587489
0.587606
0.587723
0.58784
0.587957
0.588073
0.58819
0.588307
0.588424
0.588541
0.588657
0.588774
0.588891
0.589008
0.589125
0.589241
0.589358
0.58949
0.589607
0.589724
0.589841
0.589958
0.590074
0.590191
0.590308
0.590425
0.590542
0.590658
0.590775
0.590907
0.591024
0.591141
0.591258
0.591374
0.591491
0.591608
0.591725
0.591842
0.591958
0.592075
0.592192
0.592309
0.592426
0.592542
0.592659
0.592776
0.592893
0.59301
0.593127
0.593243
0.59336
0.593477
0.593594
0.593711
0.593843
0.593959
0.594076
0.594193
0.59431
0.594427
0.594543
0.59466
0.594777
0.594894
0.595011
0.595127
0.595244
0.595376
0.595493
0.59561
0.595727
0.595844
0.59596
0.596077
0.596194
0.596311
0.596428
0.596544
0.596661
0.596778
0.596895
0.597012
0.597128
0.597245
0.597362
0.597479
0.597596
0.597712
0.597829
0.597946
0.598063
0.59818
0.598312
0.598428
0.598545
0.598662
0.598779
0.598896
0.599012
0.599129
0.599246
0.599363
0.59948
0.599596
0.599729
0.599845
0.599962
0.600079
0.600196
0.600313
0.600429
0.600546
0.600663
0.60078
0.600897
0.601013
0.60113
0.601247
0.601364
0.601481
0.601597
0.601714
0.601831
0.601948
0.602065
0.602181
0.602298
0.602415
0.602532
0.602664
0.602781
0.602898
0.603014
0.603131
0.603248
0.603365
0.603482
0.603598
0.603715
0.603832
0.603949
0.604066
0.604198
0.604314
0.604431
0.604548
0.604665
0.604782
0.604898
0.605015
0.605132
0.605249
0.605366
0.605482
0.605599
0.605716
0.605833
0.60595
0.606066
0.606183
0.6063
0.606417
0.606534
0.60665
0.606767
0.606884
0.607001
0.607133
0.60725
0.607367
0.607483
0.6076
0.607717
0.607834
0.607951
0.608067
0.608184
0.608301
0.608418
0.608535
0.608667
0.608783
0.6089
0.609017
0.609134
0.609251
0.609367
0.609484
0.609601
0.609718
0.609835
0.609952
0.610068
0.610185
0.610302
0.610419
0.610536
0.610652
0.610769
0.610886
0.611003
0.61112
0.611236
0.611353
0.61147
0.611602
0.611719
0.611836
0.611952
0.612069
0.612186
0.612303
0.61242
0.612536
0.612653
0.61277
0.612887
0.613004
0.613136
0.613253
0.613369
0.613486
0.613603
0.61372
0.613837
0.613953
0.61407
0.614187
0.614304
0.614421
0.614537
0.614654
0.614771
0.614888
0.615005
0.615121
0.615238
0.615355
0.615472
0.615589
0.615705
0.615822
0.615939
0.616071
0.616188
0.616305
0.616421
0.616538
0.616655
0.616772
0.616889
0.617006
0.617122
0.617239
0.617356
0.617473
0.617605
0.617722
0.617838
0.617955
0.618072
0.618189
0.618306
0.618422
0.618539
0.618656
0.618773
0.61889
0.619006
0.619123
0.61924
0.619357
0.619474
0.61959
0.619707
0.619824
0.619941
0.620058
0.620174
0.620291
0.620408
0.62054
0.620657
0.620774
0.620891
0.621007
0.621124
0.621241
0.621358
0.621475
0.621591
0.621708
0.621825
0.621942
0.622074
0.622191
0.622307
0.622424
0.622541
0.622658
0.622775
0.622891
0.623008
0.623125
0.623242
0.623359
0.623476
0.623592
0.623709
0.623826
0.623943
0.62406
0.624176
0.624293
0.62441
0.624527
0.624644
0.62476
0.624877
0.625009
0.625126
0.625243
0.62536
0.625476
0.625593
0.62571
0.625827
0.625944
0.62606
0.626177
0.626294
0.626411
0.626543
0.62666
0.626777
0.626893
0.62701
0.627127
0.627244
0.627361
0.627477
0.627594
0.627711
0.627828
0.627945
0.628061
0.628178
0.628295
0.628412
0.628529
0.628645
0.628762
0.628879
0.628996
0.629113
0.629229
0.629346
0.629478
0.629595
0.629712
0.629829
0.629945
0.630062
0.630179
0.630296
0.630413
0.63053
0.630646
0.630763
0.63088
0.631012
0.631129
0.631246
0.631362
0.631479
0.631596
0.631713
0.63183
0.631946
0.632063
0.63218
0.632297
0.632414
0.63253
0.632647
0.632764
0.632881
0.632998
0.633114
0.633231
0.633348
0.633465
0.633582
0.633698
0.633815
0.633932
0.634064
0.634181
0.634298
0.634415
0.634531
0.634648
0.634765
0.634882
0.634999
0.635115
0.635232
0.635349
0.635466
0.635598
0.635715
