4.55369e-006
0.000121357
0.000238161
0.000354965
0.000471769
0.000588572
0.000705376
0.00082218
0.000938984
0.00105579
0.00118733
0.00130413
0.00142093
0.00153774
0.00165454
0.00177135
0.00188815
0.00200495
0.00212176
0.00223856
0.00235536
0.00247217
0.00258897
0.00270578
0.00282258
0.00293938
0.00305619
0.00317299
0.00328979
0.0034066
0.00353814
0.00365494
0.00377175
0.00388855
0.00401446
0.00413126
0.00424807
0.00436487
0.00448168
0.00459848
0.00471528
0.00483209
0.00494889
0.00506569
0.0051825
0.0052993
0.00541611
0.00553291
0.00564971
0.00578125
0.00589806
0.00601486
0.00613166
0.00624847
0.00636527
0.00648208
0.00659888
0.00671568
0.00683249
0.00694929
0.00706609
0.0071829
0.0072997
0.00741651
0.00753331
0.00765011
0.00776692
0.00788372
0.00800052
0.00813206
0.00824887
0.00836567
0.00848248
0.00860839
0.00872519
0.00884199
0.0089588
0.0090756
0.00919241
0.00930921
0.00942601
0.00954282
0.00965962
0.00977642
0.00989323
0.01001
0.0101268
0.0102436
0.0103604
0.0104772
0.0105941
0.0107109
0.0108277
0.0109445
0.011076
0.0111928
0.0113096
0.0114355
0.0115523
0.0116691
0.0117859
0.0119027
0.0120195
0.0121363
0.0122531
0.01237
0.0124868
0.0126036
0.0127204
0.0128372
0.012954
0.0130708
0.0132023
0.0133191
0.0134359
0.0135527
0.0136695
0.0137863
0.0139031
0.0140199
0.0141367
0.0142535
0.0143704
0.0144872
0.014604
0.0147208
0.0148376
0.0149544
0.0150712
0.015188
0.0153048
0.0154216
0.0155384
0.0156699
0.0157867
0.0159035
0.0160203
0.0161463
0.0162631
0.0163799
0.0164967
0.0166135
0.0167303
0.0168471
0.0169639
0.0170807
0.0171975
0.0173143
0.0174311
0.0175479
0.0176647
0.0177815
0.0178983
0.0180151
0.0181319
0.0182487
0.0183655
0.0184971
0.0186139
0.0187307
0.0188475
0.0189734
0.0190902
0.019207
0.0193238
0.0194406
0.0195574
0.0196742
0.019791
0.0199078
0.0200246
0.0201414
0.0202582
0.020375
0.0204918
0.0206086
0.0207402
0.020857
0.0209738
0.0210906
0.0212074
0.0213242
0.021441
0.0215578
0.0216746
0.0217914
0.0219082
0.022025
0.0221418
0.0222586
0.0223754
0.0224922
0.022609
0.0227258
0.0228426
0.0229594
0.023091
0.0232078
0.0233246
0.0234414
0.0235673
0.0236841
0.0238009
0.0239177
0.0240345
0.0241513
0.0242681
0.0243849
0.0245017
0.0246185
0.0247353
0.0248522
0.024969
0.0250858
0.0252026
0.0253341
0.0254509
0.0255677
0.0256845
0.0258013
0.0259181
0.0260349
0.0261517
0.0262685
0.0263853
0.0265021
0.0266189
0.0267357
0.0268526
0.0269694
0.0270862
0.027203
0.0273198
0.0274366
0.0275534
0.0276849
0.0278017
0.0279185
0.0280353
0.0281612
0.028278
0.0283948
0.0285116
0.0286285
0.0287453
0.0288621
0.0289789
0.0290957
0.0292125
0.0293293
0.0294461
0.0295629
0.0296797
0.0297965
0.0299133
0.0300301
0.0301469
0.0302637
0.0303805
0.0304973
0.0306289
0.0307457
0.0308625
0.0309884
0.0311052
0.031222
0.0313388
0.0314556
0.0315724
0.0316892
0.031806
0.0319228
0.0320396
0.0321564
0.0322732
0.03239
0.0325068
0.0326236
0.0327552
0.032872
0.0329888
0.0331056
0.0332224
0.0333392
0.033456
0.0335728
0.0336896
0.0338064
0.0339232
0.03404
0.0341568
0.0342736
0.0343904
0.0345072
0.034624
0.0347408
0.0348576
0.0349744
0.0350912
0.0352228
0.0353396
0.0354564
0.0355732
0.0356991
0.0358159
0.0359327
0.0360495
0.0361663
0.0362831
0.0363999
0.0365167
0.0366335
0.0367503
0.0368671
0.0369839
0.0371007
0.0372175
0.0373344
0.0374512
0.037568
0.0376848
0.0378016
0.0379184
0.0380499
0.0381667
0.0382835
0.0384003
0.0385262
0.038643
0.0387598
0.0388766
0.0389934
0.0391103
0.0392271
0.0393439
0.0394607
0.0395775
0.0396943
0.0398111
0.0399279
0.0400447
0.0401615
0.040293
0.0404098
0.0405266
0.0406434
0.0407602
0.040877
0.0409938
0.0411107
0.0412275
0.0413443
0.0414611
0.0415779
0.0416947
0.0418115
0.0419283
0.0420451
0.0421619
0.0422787
0.0423955
0.0425123
0.0426438
0.0427606
0.0428774
0.0429942
0.0431202
0.043237
0.0433538
0.0434706
0.0435874
0.0437042
0.043821
0.0439378
0.0440546
0.0441714
0.0442882
0.044405
0.0445218
0.0446386
0.0447554
0.044887
0.0450038
0.0451206
0.0452374
0.0453542
0.045471
0.0455878
0.0457046
0.0458214
0.0459382
0.046055
0.0461718
0.0462886
0.0464054
0.0465222
0.046639
0.0467558
0.0468726
0.0469894
0.0471062
0.0472378
0.0473546
0.0474714
0.0475882
0.0477141
0.0478309
0.0479477
0.0480645
0.0481813
0.0482981
0.0484149
0.0485317
0.0486485
0.0487653
0.0488821
0.0489989
0.0491157
0.0492325
0.0493493
0.0494661
0.0495829
0.0496997
0.0498166
0.0499334
0.0500502
0.0501817
0.0502985
0.0504153
0.0505412
0.050658
0.0507748
0.0508916
0.0510084
0.0511252
0.051242
0.0513588
0.0514756
0.0515925
0.0517093
0.0518261
0.0519429
0.0520597
0.0521765
0.052308
0.0524248
0.0525416
0.0526584
0.0527752
0.052892
0.0530088
0.0531256
0.0532424
0.0533592
0.053476
0.0535929
0.0537097
0.0538265
0.0539433
0.0540601
0.0541769
0.0542937
0.0544105
0.0545273
0.0546441
0.0547756
0.0548924
0.0550092
0.055126
0.0552519
0.0553688
0.0554856
0.0556024
0.0557192
0.055836
0.0559528
0.0560696
0.0561864
0.0563032
0.05642
0.0565368
0.0566536
0.0567704
0.0568872
0.0570187
0.0571355
0.0572523
0.0573692
0.057486
0.0576028
0.0577196
0.0578364
0.0579532
0.05807
0.0581868
0.0583036
0.0584204
0.0585372
0.058654
0.0587708
0.0588876
0.0590044
0.0591212
0.059238
0.0593696
0.0594864
0.0596032
0.05972
0.0598459
0.0599627
0.0600795
0.0601963
0.0603131
0.0604299
0.0605467
0.0606635
0.0607803
0.0608971
0.0610139
0.0611307
0.0612475
0.0613643
0.0614811
0.0615979
0.0617147
0.0618315
0.0619483
0.0620651
0.0621967
0.0623135
0.0624303
0.0625471
0.062673
0.0627898
0.0629066
0.0630234
0.0631402
0.063257
0.0633738
0.0634906
0.0636074
0.0637242
0.063841
0.0639578
0.0640747
0.0641915
0.0643083
0.0644398
0.0645566
0.0646734
0.0647902
0.064907
0.0650238
0.0651406
0.0652574
0.0653742
0.065491
0.0656078
0.0657246
0.0658414
0.0659582
0.0660751
0.0661919
0.0663087
0.0664255
0.0665423
0.0666591
0.0667759
0.0669074
0.0670242
0.067141
0.0672669
0.0673837
0.0675005
0.0676173
0.0677341
0.067851
0.0679678
0.0680846
0.0682014
0.0683182
0.068435
0.0685518
0.0686686
0.0687854
0.0689022
0.069019
0.0691358
0.0692526
0.0693694
0.0694862
0.069603
0.0697345
0.0698514
0.0699682
0.070085
0.0702109
0.0703277
0.0704445
0.0705613
0.0706781
0.0707949
0.0709117
0.0710285
0.0711453
0.0712621
0.0713789
0.0714957
0.0716125
0.0717293
0.0718461
0.0719777
0.0720945
0.0722113
0.0723281
0.0724449
0.0725617
0.0726785
0.0727953
0.0729121
0.0730289
0.0731457
0.0732625
0.0733793
0.0734961
0.0736129
0.0737297
0.0738465
0.0739633
0.0740801
0.0741969
0.0743285
0.0744453
0.0745621
0.0746789
0.0748048
0.0749216
0.0750384
0.0751552
0.075272
0.0753888
0.0755056
0.0756224
0.0757392
0.075856
0.0759728
0.0760896
0.0762064
0.0763232
0.07644
0.0765716
0.0766884
0.0768052
0.076922
0.0770388
0.0771556
0.0772724
0.0773892
0.077506
0.0776228
0.0777396
0.0778564
0.0779732
0.07809
0.0782068
0.0783236
0.0784404
0.0785573
0.0786741
0.0787909
0.0789224
0.0790392
0.079156
0.0792728
0.0793987
0.0795155
0.0796323
0.0797491
0.0798659
0.0799827
0.0800995
0.0802163
0.0803332
0.08045
0.0805668
0.0806836
0.0808004
0.0809172
0.081034
0.0811508
0.0812676
0.0813844
0.0815012
0.081618
0.0817348
0.0818663
0.0819831
0.0820999
0.0822259
0.0823427
0.0824595
0.0825763
0.0826931
0.0828099
0.0829267
0.0830435
0.0831603
0.0832771
0.0833939
0.0835107
0.0836275
0.0837443
0.0838611
0.0839926
0.0841095
0.0842263
0.0843431
0.0844599
0.0845767
0.0846935
0.0848103
0.0849271
0.0850439
0.0851607
0.0852775
0.0853943
0.0855111
0.0856279
0.0857447
0.0858615
0.0859783
0.0860951
0.0862119
0.0863287
0.0864603
0.0865771
0.0866939
0.0868107
0.0869366
0.0870534
0.0871702
0.087287
0.0874038
0.0875206
0.0876374
0.0877542
0.087871
0.0879878
0.0881046
0.0882214
0.0883382
0.088455
0.0885718
0.0887034
0.0888202
0.088937
0.0890538
0.0891706
0.0892874
0.0894042
0.089521
0.0896378
0.0897546
0.0898714
0.0899882
0.090105
0.0902218
0.0903386
0.0904554
0.0905722
0.090689
0.0908058
0.0909226
0.0910542
0.091171
0.0912878
0.0914046
0.0915305
0.0916473
0.0917641
0.0918809
0.0919977
0.0921145
0.0922313
0.0923481
0.0924649
0.0925817
0.0926985
0.0928154
0.0929322
0.093049
0.0931658
0.0932826
0.0933994
0.0935162
0.093633
0.0937498
0.0938666
0.0939981
0.0941149
0.0942317
0.0943576
0.0944744
0.0945913
0.0947081
0.0948249
0.0949417
0.0950585
0.0951753
0.0952921
0.0954089
0.0955257
0.0956425
0.0957593
0.0958761
0.0959929
0.0961244
0.0962412
0.096358
0.0964748
0.0965917
0.0967085
0.0968253
0.0969421
0.0970589
0.0971757
0.0972925
0.0974093
0.0975261
0.0976429
0.0977597
0.0978765
0.0979933
0.0981101
0.0982269
0.0983437
0.0984605
0.0985921
0.0987089
0.0988257
0.0989425
0.0990684
0.0991852
0.099302
0.0994188
0.0995356
0.0996524
0.0997692
0.099886
0.100003
0.10012
0.100236
0.100353
0.10047
0.100587
0.100704
0.10082
0.100937
0.101054
0.101171
0.101288
0.101419
0.101536
0.101653
0.10177
0.101896
0.102012
0.102129
0.102246
0.102363
0.10248
0.102596
0.102713
0.10283
0.102947
0.103064
0.10318
0.103297
0.103414
0.103531
0.103662
0.103779
0.103896
0.104013
0.10413
0.104246
0.104363
0.10448
0.104597
0.104714
0.10483
0.104947
0.105064
0.105181
0.105298
0.105414
0.105531
0.105648
0.105765
0.105882
0.105998
0.10613
0.106247
0.106364
0.106489
0.106606
0.106723
0.10684
0.106957
0.107073
0.10719
0.107307
0.107424
0.107541
0.107657
0.107774
0.107891
0.108008
0.108125
0.108256
0.108373
0.10849
0.108607
0.108723
0.10884
0.108957
0.109074
0.109191
0.109307
0.109424
0.109541
0.109658
0.109775
0.109891
0.110008
0.110125
0.110242
0.110359
0.110475
0.110592
0.110724
0.110841
0.110957
0.111074
0.1112
0.111317
0.111434
0.111551
0.111667
0.111784
0.111901
0.112018
0.112135
0.112251
0.112368
0.112485
0.112602
0.112719
0.112835
0.112952
0.113069
0.113186
0.113303
0.113419
0.113551
0.113668
0.113785
0.113901
0.114027
0.114144
0.114261
0.114378
0.114495
0.114611
0.114728
0.114845
0.114962
0.115079
0.115195
0.115312
0.115429
0.115546
0.115663
0.115794
0.115911
0.116028
0.116145
0.116261
0.116378
0.116495
0.116612
0.116729
0.116845
0.116962
0.117079
0.117196
0.117313
0.117429
0.117546
0.117663
0.11778
0.117897
0.118013
0.11813
0.118262
0.118379
0.118495
0.118612
0.118738
0.118855
0.118972
0.119088
0.119205
0.119322
0.119439
0.119556
0.119672
0.119789
0.119906
0.120023
0.12014
0.120256
0.120373
0.12049
0.120607
0.120724
0.12084
0.120957
0.121089
0.121206
0.121322
0.121439
0.121565
0.121682
0.121799
0.121916
0.122032
0.122149
0.122266
0.122383
0.1225
0.122616
0.122733
0.12285
0.122967
0.123084
0.1232
0.123332
0.123449
0.123566
0.123682
0.123799
0.123916
0.124033
0.12415
0.124266
0.124383
0.1245
0.124617
0.124734
0.12485
0.124967
0.125084
0.125201
0.125318
0.125434
0.125551
0.125668
0.1258
0.125916
0.126033
0.126159
0.126276
0.126393
0.126509
0.126626
0.126743
0.12686
0.126977
0.127094
0.12721
0.127327
0.127444
0.127561
0.127678
0.127794
0.127911
0.128043
0.128159
0.128276
0.128393
0.12851
0.128627
0.128744
0.12886
0.128977
0.129094
0.129211
0.129328
0.129444
0.129561
0.129678
0.129795
0.129912
0.130028
0.130145
0.130262
0.130393
0.13051
0.130627
0.130744
0.13087
0.130987
0.131103
0.13122
0.131337
0.131454
0.131571
0.131687
0.131804
0.131921
0.132038
0.132155
0.132271
0.132388
0.132505
0.132622
0.132739
0.132855
0.132972
0.133089
0.133206
0.133337
0.133454
0.133571
0.133697
0.133814
0.133931
0.134047
0.134164
0.134281
0.134398
0.134515
0.134631
0.134748
0.134865
0.134982
0.135099
0.135215
0.135332
0.135464
0.135581
0.135697
0.135814
0.135931
0.136048
0.136165
0.136281
0.136398
0.136515
0.136632
0.136749
0.136865
0.136982
0.137099
0.137216
0.137333
0.137449
0.137566
0.137683
0.1378
0.137931
0.138048
0.138165
0.138282
0.138408
0.138524
0.138641
0.138758
0.138875
0.138992
0.139109
0.139225
0.139342
0.139459
0.139576
0.139693
0.139809
0.139926
0.140043
0.140174
0.140291
0.140408
0.140525
0.140642
0.140758
0.140875
0.140992
0.141109
0.141226
0.141343
0.141459
0.141576
0.141693
0.14181
0.141927
0.142043
0.14216
0.142277
0.142394
0.142511
0.142642
0.142759
0.142876
0.143002
0.143118
0.143235
0.143352
0.143469
0.143586
0.143702
0.143819
0.143936
0.144053
0.14417
0.144286
0.144403
0.14452
0.144637
0.144754
0.14487
0.144987
0.145104
0.145221
0.145338
0.145469
0.145586
0.145703
0.14582
0.145946
0.146062
0.146179
0.146296
0.146413
0.14653
0.146646
0.146763
0.14688
0.146997
0.147114
0.14723
0.147347
0.147464
0.147581
0.147712
0.147829
0.147946
0.148063
0.14818
0.148296
0.148413
0.14853
0.148647
0.148764
0.14888
0.148997
0.149114
0.149231
0.149348
0.149464
0.149581
0.149698
0.149815
0.149932
0.150048
0.15018
0.150297
0.150414
0.15053
0.150656
0.150773
0.15089
0.151007
0.151123
0.15124
0.151357
0.151474
0.151591
0.151708
0.151824
0.151941
0.152058
0.152175
0.152292
0.152408
0.152525
0.152642
0.152759
0.152876
0.153007
0.153124
0.153241
0.153357
0.153483
0.1536
0.153717
0.153834
0.153951
0.154067
0.154184
0.154301
0.154418
0.154535
0.154651
0.154768
0.154885
0.155002
0.155119
0.15525
0.155367
0.155484
0.155601
0.155717
0.155834
0.155951
0.156068
0.156185
0.156301
0.156418
0.156535
0.156652
0.156769
0.156885
0.157002
0.157119
0.157236
0.157353
0.157469
0.157586
0.157718
0.157835
0.157951
0.158068
0.158194
0.158311
0.158428
0.158545
0.158661
0.158778
0.158895
0.159012
0.159129
0.159245
0.159362
0.159479
0.159596
0.159713
0.159829
0.159961
0.160078
0.160195
0.160311
0.160428
0.160545
0.160662
0.160779
0.160895
0.161012
0.161129
0.161246
0.161363
0.161479
0.161596
0.161713
0.16183
0.161947
0.162063
0.16218
0.162297
0.162429
0.162545
0.162662
0.162788
0.162905
0.163022
0.163138
0.163255
0.163372
0.163489
0.163606
0.163722
0.163839
0.163956
0.164073
0.16419
0.164307
0.164423
0.16454
0.164657
0.164774
0.164891
0.165007
0.165124
0.165256
0.165372
0.165489
0.165606
0.165732
0.165849
0.165966
0.166082
0.166199
0.166316
0.166433
0.16655
0.166666
0.166783
0.1669
0.167017
0.167134
0.16725
0.167367
0.167499
0.167616
0.167732
0.167849
0.167966
0.168083
0.1682
0.168316
0.168433
0.16855
0.168667
0.168784
0.1689
0.169017
0.169134
0.169251
0.169368
0.169484
0.169601
0.169718
0.169835
0.169966
0.170083
0.1702
0.170317
0.170443
0.17056
0.170676
0.170793
0.17091
0.171027
0.171144
0.17126
0.171377
0.171494
0.171611
0.171728
0.171844
0.171961
0.172078
0.17221
0.172326
0.172443
0.17256
0.172677
0.172794
0.17291
0.173027
0.173144
0.173261
0.173378
0.173494
0.173611
0.173728
0.173845
0.173962
0.174078
0.174195
0.174312
0.174429
0.174546
0.174677
0.174794
0.174911
0.175037
0.175153
0.17527
0.175387
0.175504
0.175621
0.175737
0.175854
0.175971
0.176088
0.176205
0.176321
0.176438
0.176555
0.176672
0.176789
0.176906
0.177022
0.177139
0.177256
0.177373
0.177504
0.177621
0.177738
0.177855
0.177981
0.178097
0.178214
0.178331
0.178448
0.178565
0.178681
0.178798
0.178915
0.179032
0.179149
0.179265
0.179382
0.179499
0.179616
0.179747
0.179864
0.179981
0.180098
0.180215
0.180331
0.180448
0.180565
0.180682
0.180799
0.180915
0.181032
0.181149
0.181266
0.181383
0.181499
0.181616
0.181733
0.18185
0.181967
0.182083
0.182215
0.182332
0.182449
0.182565
0.182691
0.182808
0.182925
0.183042
0.183159
0.183275
0.183392
0.183509
0.183626
0.183743
0.183859
0.183976
0.184093
0.18421
0.184327
0.184443
0.18456
0.184677
0.184794
0.184911
0.185027
0.185159
0.185276
0.185393
0.185518
0.185635
0.185752
0.185869
0.185986
0.186102
0.186219
0.186336
0.186453
0.18657
0.186686
0.186803
0.18692
0.187037
0.187154
0.187271
0.187402
0.187519
0.187636
0.187752
0.187869
0.187986
0.188103
0.18822
0.188336
0.188453
0.18857
0.188687
0.188804
0.188921
0.189037
0.189154
0.189271
0.189388
0.189505
0.189621
0.189753
0.18987
0.189986
0.190103
0.190229
0.190346
0.190463
0.19058
0.190696
0.190813
0.19093
0.191047
0.191164
0.19128
0.191397
0.191514
0.191631
0.191748
0.191864
0.191981
0.192113
0.19223
0.192346
0.192463
0.19258
0.192697
0.192814
0.19293
0.193047
0.193164
0.193281
0.193398
0.193514
0.193631
0.193748
0.193865
0.193982
0.194098
0.194215
0.194332
0.194464
0.19458
0.194697
0.194814
0.19494
0.195057
0.195174
0.19529
0.195407
0.195524
0.195641
0.195758
0.195874
0.195991
0.196108
0.196225
0.196342
0.196458
0.196575
0.196692
0.196809
0.196926
0.197042
0.197159
0.197276
0.197408
0.197524
0.197641
0.197758
0.197884
0.198001
0.198117
0.198234
0.198351
0.198468
0.198585
0.198701
0.198818
0.198935
0.199052
0.199169
0.199285
0.199402
0.199519
0.199651
0.199767
0.199884
0.200001
0.200118
0.200235
0.200351
0.200468
0.200585
0.200702
0.200819
0.200935
0.201052
0.201169
0.201286
0.201403
0.20152
0.201636
0.201753
0.20187
0.201987
0.202118
0.202235
0.202352
0.202469
0.202595
0.202711
0.202828
0.202945
0.203062
0.203179
0.203295
0.203412
0.203529
0.203646
0.203763
0.203879
0.203996
0.204113
0.20423
0.204347
0.204463
0.20458
0.204697
0.204814
0.204931
0.205062
0.205179
0.205296
0.205413
0.205539
0.205655
0.205772
0.205889
0.206006
0.206123
0.206239
0.206356
0.206473
0.20659
0.206707
0.206823
0.20694
0.207057
0.207174
0.207305
0.207422
0.207539
0.207656
0.207773
0.207889
0.208006
0.208123
0.20824
0.208357
0.208473
0.20859
0.208707
0.208824
0.208941
0.209057
0.209174
0.209291
0.209408
0.209525
0.209641
0.209773
0.20989
0.210007
0.210123
0.210249
0.210366
0.210483
0.2106
0.210716
0.210833
0.21095
0.211067
0.211184
0.2113
0.211417
0.211534
0.211651
0.211768
0.211885
0.212016
0.212133
0.21225
0.212366
0.212483
0.2126
0.212717
0.212834
0.21295
0.213067
0.213184
0.213301
0.213418
0.213534
0.213651
0.213768
0.213885
0.214002
0.214119
0.214235
0.214352
0.214484
0.2146
0.214717
0.214834
0.21496
0.215077
0.215194
0.21531
0.215427
0.215544
0.215661
0.215778
0.215894
0.216011
0.216128
0.216245
0.216362
0.216478
0.216595
0.216712
0.216829
0.216946
0.217062
0.217179
0.217296
0.217428
0.217544
0.217661
0.217787
0.217904
0.218021
0.218138
0.218254
0.218371
0.218488
0.218605
0.218722
0.218838
0.218955
0.219072
0.219189
0.219306
0.219422
0.219539
0.219671
0.219788
0.219904
0.220021
0.220138
0.220255
0.220372
0.220488
0.220605
0.220722
0.220839
0.220956
0.221072
0.221189
0.221306
0.221423
0.22154
0.221656
0.221773
0.22189
0.222007
0.222138
0.222255
0.222372
0.222489
0.222615
0.222731
0.222848
0.222965
0.223082
0.223199
0.223315
0.223432
0.223549
0.223666
0.223783
0.223899
0.224016
0.224133
0.22425
0.224381
0.224498
0.224615
0.224732
0.224849
0.224965
0.225082
0.225199
0.225316
0.225433
0.225549
0.225666
0.225783
0.2259
0.226017
0.226133
0.22625
0.226367
0.226484
0.226601
0.226718
0.226849
0.226966
0.227083
0.227199
0.227325
0.227442
0.227559
0.227676
0.227793
0.227909
0.228026
0.228143
0.22826
0.228377
0.228493
0.22861
0.228727
0.228844
0.228961
0.229077
0.229194
0.229311
0.229428
0.229545
0.229661
0.229793
0.22991
0.230027
0.230143
0.230269
0.230386
0.230503
0.23062
0.230737
0.230853
0.23097
0.231087
0.231204
0.231321
0.231437
0.231554
0.231671
0.231788
0.231905
0.232036
0.232153
0.23227
0.232387
0.232503
0.23262
0.232737
0.232854
0.232971
0.233087
0.233204
0.233321
0.233438
0.233555
0.233671
0.233788
0.233905
0.234022
0.234139
0.234255
0.234372
0.234504
0.234621
0.234737
0.234854
0.23498
0.235097
0.235214
0.23533
0.235447
0.235564
0.235681
0.235798
0.235914
0.236031
0.236148
0.236265
0.236382
0.236498
0.236615
0.236732
0.236849
0.236966
0.237083
0.237199
0.237316
0.237448
0.237564
0.237681
0.237798
0.237924
0.238041
0.238158
0.238274
0.238391
0.238508
0.238625
0.238742
0.238858
0.238975
0.239092
0.239209
0.239326
0.239442
0.239559
0.239691
0.239808
0.239924
0.240041
0.240158
0.240275
0.240392
0.240508
0.240625
0.240742
0.240859
0.240976
0.241092
0.241209
0.241326
0.241443
0.24156
0.241676
0.241793
0.24191
0.242027
0.242158
0.242275
0.242392
0.242509
0.242635
0.242752
0.242868
0.242985
0.243102
0.243219
0.243336
0.243452
0.243569
0.243686
0.243803
0.24392
0.244036
0.244153
0.24427
0.244387
0.244518
0.244635
0.244752
0.244869
0.244986
0.245102
0.245219
0.245336
0.245453
0.24557
0.245686
0.245803
0.24592
0.246037
0.246154
0.24627
0.246387
0.246504
0.246621
0.246738
0.246854
0.246986
0.247103
0.24722
0.247345
0.247462
0.247579
0.247696
0.247813
0.247929
0.248046
0.248163
0.24828
0.248397
0.248513
0.24863
0.248747
0.248864
0.248981
0.249097
0.249214
0.249331
0.249448
0.249565
0.249682
0.249798
0.24993
0.250047
0.250163
0.250289
0.250406
0.250523
0.25064
0.250757
0.250873
0.25099
0.251107
0.251224
0.251341
0.251457
0.251574
0.251691
0.251808
0.251925
0.252041
0.252173
0.25229
0.252407
0.252523
0.25264
0.252757
0.252874
0.252991
0.253107
0.253224
0.253341
0.253458
0.253575
0.253691
0.253808
0.253925
0.254042
0.254159
0.254275
0.254392
0.254509
0.254641
0.254757
0.254874
0.254991
0.255117
0.255234
0.255351
0.255467
0.255584
0.255701
0.255818
0.255935
0.256051
0.256168
0.256285
0.256402
0.256519
0.256635
0.256752
0.256869
0.256986
0.257103
0.257219
0.257336
0.257453
0.257585
0.257701
0.257818
0.257935
0.258061
0.258178
0.258294
0.258411
0.258528
0.258645
0.258762
0.258878
0.258995
0.259112
0.259229
0.259346
0.259462
0.259579
0.259696
0.259828
0.259944
0.260061
0.260178
0.260295
0.260412
0.260528
0.260645
0.260762
0.260879
0.260996
0.261112
0.261229
0.261346
0.261463
0.26158
0.261697
0.261813
0.26193
0.262047
0.262164
0.262281
0.262412
0.262529
0.262646
0.262772
0.262888
0.263005
0.263122
0.263239
0.263356
0.263472
0.263589
0.263706
0.263823
0.26394
0.264056
0.264173
0.26429
0.264407
0.264524
0.264655
0.264772
0.264889
0.265006
0.265122
0.265239
0.265356
0.265473
0.26559
0.265706
0.265823
0.26594
0.266057
0.266174
0.26629
0.266407
0.266524
0.266641
0.266758
0.266874
0.266991
0.267123
0.26724
0.267356
0.267473
0.267599
0.267716
0.267833
0.26795
0.268066
0.268183
0.2683
0.268417
0.268534
0.26865
0.268767
0.268884
0.269001
0.269118
0.269234
0.269351
0.269468
0.269585
0.269702
0.269818
0.269935
0.270067
0.270184
0.2703
0.270417
0.270543
0.27066
0.270777
0.270893
0.27101
0.271127
0.271244
0.271361
0.271477
0.271594
0.271711
0.271828
0.271945
0.272061
0.272178
0.272295
0.272427
0.272543
0.27266
0.272777
0.272894
0.273011
0.273127
0.273244
0.273361
0.273478
0.273595
0.273711
0.273828
0.273945
0.274062
0.274179
0.274296
0.274412
0.274529
0.274646
0.274763
0.274894
0.275011
0.275128
0.275245
0.275371
0.275487
0.275604
0.275721
0.275838
0.275955
0.276071
0.276188
0.276305
0.276422
0.276539
0.276655
0.276772
0.276889
0.277006
0.277137
0.277254
0.277371
0.277488
0.277605
0.277721
0.277838
0.277955
0.278072
0.278189
0.278305
0.278422
0.278539
0.278656
0.278773
0.278889
0.279006
0.279123
0.27924
0.279357
0.279473
0.27959
0.279722
0.279839
0.279955
0.280072
0.280198
0.280315
0.280432
0.280549
0.280665
0.280782
0.280899
0.281016
0.281133
0.281249
0.281366
0.281483
0.2816
0.281717
0.281833
0.28195
0.282067
0.282184
0.282301
0.282417
0.282534
0.282666
0.282783
0.282899
0.283016
0.283142
0.283259
0.283376
0.283492
0.283609
0.283726
0.283843
0.28396
0.284076
0.284193
0.28431
0.284427
0.284544
0.284661
0.284777
0.284909
0.285026
0.285142
0.285259
0.285376
0.285493
0.28561
0.285726
0.285843
0.28596
0.286077
0.286194
0.28631
0.286427
0.286544
0.286661
0.286778
0.286895
0.287011
0.287128
0.287245
0.287362
0.287493
0.28761
0.287727
0.287844
0.28797
0.288086
0.288203
0.28832
0.288437
0.288554
0.28867
0.288787
0.288904
0.289021
0.289138
0.289254
0.289371
0.289488
0.289605
0.289722
0.289838
0.289955
0.290072
0.290189
0.290306
0.290437
0.290554
0.290671
0.290788
0.290914
0.29103
0.291147
0.291264
0.291381
0.291498
0.291614
0.291731
0.291848
0.291965
0.292082
0.292198
0.292315
0.292432
0.292549
0.292666
0.292797
0.292914
0.293031
0.293148
0.293264
0.293381
0.293498
0.293615
0.293732
0.293848
0.293965
0.294082
0.294199
0.294316
0.294432
0.294549
0.294666
0.294783
0.2949
0.295016
0.295133
0.295265
0.295382
0.295498
0.295615
0.295741
0.295858
0.295975
0.296091
0.296208
0.296325
0.296442
0.296559
0.296675
0.296792
0.296909
0.297026
0.297143
0.29726
0.297376
0.297508
0.297625
0.297741
0.297858
0.297975
0.298092
0.298209
0.298325
0.298442
0.298559
0.298676
0.298793
0.298909
0.299026
0.299143
0.29926
0.299377
0.299494
0.29961
0.299727
0.299844
0.299961
0.300092
0.300209
0.300326
0.300443
0.300569
0.300685
0.300802
0.300919
0.301036
0.301153
0.301269
0.301386
0.301503
0.30162
0.301737
0.301853
0.30197
0.302087
0.302204
0.302321
0.302437
0.302554
0.302671
0.302788
0.302905
0.303036
0.303153
0.30327
0.303387
0.303513
0.303629
0.303746
0.303863
0.30398
0.304097
0.304213
0.30433
0.304447
0.304564
0.304681
0.304797
0.304914
0.305031
0.305148
0.305265
0.305396
0.305513
0.30563
0.305747
0.305863
0.30598
0.306097
0.306214
0.306331
0.306447
0.306564
0.306681
0.306798
0.306915
0.307031
0.307148
0.307265
0.307382
0.307499
0.307615
0.307732
0.307864
0.307981
0.308097
0.308214
0.30834
0.308457
0.308574
0.30869
0.308807
0.308924
0.309041
0.309158
0.309274
0.309391
0.309508
0.309625
0.309742
0.309859
0.309975
0.310092
0.310224
0.31034
0.310457
0.310574
0.310691
0.310808
0.310924
0.311041
0.311158
0.311275
0.311392
0.311508
0.311625
0.311742
0.311859
0.311976
0.312093
0.312209
0.312326
0.312443
0.31256
0.312691
0.312808
0.312925
0.313042
0.313168
0.313284
0.313401
0.313518
0.313635
0.313752
0.313868
0.313985
0.314102
0.314219
0.314336
0.314452
0.314569
0.314686
0.314803
0.31492
0.315036
0.315153
0.31527
0.315387
0.315504
0.31562
0.315752
0.315869
0.315986
0.316102
0.316228
0.316345
0.316462
0.316579
0.316696
0.316812
0.316929
0.317046
0.317163
0.31728
0.317396
0.317513
0.31763
0.317747
0.317864
0.31798
0.318112
0.318229
0.318346
0.318462
0.318579
0.318696
0.318813
0.31893
0.319046
0.319163
0.31928
0.319397
0.319514
0.31963
0.319747
0.319864
0.319981
0.320098
0.320214
0.320331
0.320448
0.32058
0.320696
0.320813
0.32093
0.321056
0.321173
0.321289
0.321406
0.321523
0.32164
0.321757
0.321873
0.32199
0.322107
0.322224
0.322341
0.322458
0.322574
0.322691
0.322808
0.322925
0.323042
0.323158
0.323275
0.323392
0.323509
0.32364
0.323757
0.323874
0.323991
0.324117
0.324233
0.32435
0.324467
0.324584
0.324701
0.324817
0.324934
0.325051
0.325168
0.325285
0.325401
0.325518
0.325635
0.325752
0.325883
0.326
0.326117
0.326234
0.326351
0.326467
0.326584
0.326701
0.326818
0.326935
0.327051
0.327168
0.327285
0.327402
0.327519
0.327635
0.327752
0.327869
0.327986
0.328103
0.328219
0.328336
0.328468
0.328585
0.328701
0.328818
0.328944
0.329061
0.329178
0.329295
0.329411
0.329528
0.329645
0.329762
0.329879
0.329995
0.330112
0.330229
0.330346
0.330463
0.330579
0.330696
0.330828
0.330945
0.331061
0.331178
0.331295
0.331412
0.331529
0.331645
0.331762
0.331879
0.331996
0.332113
0.332229
0.332346
0.332463
0.33258
0.332697
0.332813
0.33293
0.333047
0.333164
0.333281
0.333412
0.333529
0.333646
0.333772
0.333888
0.334005
0.334122
0.334239
0.334356
0.334473
0.334589
0.334706
0.334823
0.33494
0.335057
0.335173
0.33529
0.335407
0.335524
0.335641
0.335757
0.335874
0.335991
0.336108
0.336225
0.336356
0.336473
0.33659
0.336707
0.336832
0.336949
0.337066
0.337183
0.3373
0.337416
0.337533
0.33765
0.337767
0.337884
0.338
0.338117
0.338234
0.338351
0.338468
0.338584
0.338716
0.338833
0.33895
0.339066
0.339183
0.3393
0.339417
0.339534
0.33965
0.339767
0.339884
0.340001
0.340118
0.340234
0.340351
0.340468
0.340585
0.340702
0.340818
0.340935
0.341052
0.341169
0.3413
0.341417
0.341534
0.341651
0.341777
0.341894
0.34201
0.342127
0.342244
0.342361
0.342478
0.342594
0.342711
0.342828
0.342945
0.343062
0.343178
0.343295
0.343412
0.343529
0.343646
0.343762
0.343879
0.343996
0.344113
0.344244
0.344361
0.344478
0.344595
0.344721
0.344837
0.344954
0.345071
0.345188
0.345305
0.345422
0.345538
0.345655
0.345772
0.345889
0.346006
0.346122
0.346239
0.346356
0.346473
0.346604
0.346721
0.346838
0.346955
0.347072
0.347188
0.347305
0.347422
0.347539
0.347656
0.347772
0.347889
0.348006
0.348123
0.34824
0.348356
0.348473
0.34859
0.348707
0.348824
0.34894
0.349057
0.349189
0.349306
0.349422
0.349539
0.349665
0.349782
0.349899
0.350015
0.350132
0.350249
0.350366
0.350483
0.350599
0.350716
0.350833
0.35095
0.351067
0.351183
0.3513
0.351417
0.351549
0.351665
0.351782
0.351899
0.352016
0.352133
0.352249
0.352366
0.352483
0.3526
0.352717
0.352833
0.35295
0.353067
0.353184
0.353301
0.353417
0.353534
0.353651
0.353768
0.353885
0.354002
0.354133
0.35425
0.354367
0.354483
0.354609
0.354726
0.354843
0.35496
0.355077
0.355193
0.35531
0.355427
0.355544
0.355661
0.355777
0.355894
0.356011
0.356128
0.356245
0.356361
0.356478
0.356595
0.356712
0.356829
0.356945
0.357062
0.357194
0.357311
0.357427
0.357544
0.35767
0.357787
0.357904
0.358021
0.358137
0.358254
0.358371
0.358488
0.358605
0.358721
0.358838
0.358955
0.359072
0.359189
0.359305
0.359422
0.359554
0.359671
0.359787
0.359904
0.360021
0.360138
0.360255
0.360371
0.360488
0.360605
0.360722
0.360839
0.360955
0.361072
0.361189
0.361306
0.361423
0.361539
0.361656
0.361773
0.36189
0.362021
0.362138
0.362255
0.362372
0.362489
0.362614
0.362731
0.362848
0.362965
0.363082
0.363198
0.363315
0.363432
0.363549
0.363666
0.363782
0.363899
0.364016
0.364133
0.36425
0.364367
0.364498
0.364615
0.364732
0.364848
0.364965
0.365082
0.365199
0.365316
0.365432
0.365549
0.365666
0.365783
0.3659
0.366016
0.366133
0.36625
0.366367
0.366484
0.366601
0.366717
0.366834
0.366966
0.367082
0.367199
0.367316
0.367442
0.367559
0.367676
0.367792
0.367909
0.368026
0.368143
0.36826
0.368376
0.368493
0.36861
0.368727
0.368844
0.36896
0.369077
0.369194
0.369311
0.369428
0.369544
0.369661
0.369778
0.369895
0.370026
0.370143
0.37026
0.370377
0.370503
0.37062
0.370736
0.370853
0.37097
0.371087
0.371204
0.37132
0.371437
0.371554
0.371671
0.371788
0.371904
0.372021
0.372138
0.372255
0.372386
0.372503
0.37262
0.372737
0.372854
0.37297
0.373087
0.373204
0.373321
0.373438
0.373554
0.373671
0.373788
0.373905
0.374022
0.374138
0.374255
0.374372
0.374489
0.374606
0.374722
0.374839
0.374971
0.375088
0.375204
0.375321
0.375447
0.375564
0.375681
0.375797
0.375914
0.376031
0.376148
0.376265
0.376381
0.376498
0.376615
0.376732
0.376849
0.376966
0.377082
0.377199
0.377316
0.377433
0.37755
0.377666
0.377783
0.3779
0.378017
0.378148
0.378265
0.378382
0.378499
0.378625
0.378741
0.378858
0.378975
0.379092
0.379209
0.379325
0.379442
0.379559
0.379676
0.379793
0.379909
0.380026
0.380143
0.38026
0.380377
0.380508
0.380625
0.380742
0.380859
0.380975
0.381092
0.381209
0.381326
0.381443
0.381559
0.381676
0.381793
0.38191
0.382027
0.382143
0.38226
0.382377
0.382494
0.382611
0.382727
0.382844
0.382961
0.383093
0.383209
0.383326
0.383443
0.383569
0.383686
0.383803
0.383919
0.384036
0.384153
0.38427
0.384387
0.384503
0.38462
0.384737
0.384854
0.384971
0.385087
0.385204
0.385321
0.385453
0.385569
0.385686
0.385803
0.38592
0.386037
0.386153
0.38627
0.386387
0.386504
0.386621
0.386737
0.386854
0.386971
0.387088
0.387205
0.387321
0.387438
0.387555
0.387672
0.387789
0.387905
0.388037
0.388154
0.388271
0.388387
0.388513
0.38863
0.388747
0.388864
0.38898
0.389097
0.389214
0.389331
0.389448
0.389565
0.389681
0.389798
0.389915
0.390032
0.390149
0.390265
0.390382
0.390499
0.390616
0.390733
0.390849
0.390966
0.391098
0.391214
0.391331
0.391448
0.391574
0.391691
0.391808
0.391924
0.392041
0.392158
0.392275
0.392392
0.392508
0.392625
0.392742
0.392859
0.392976
0.393092
0.393209
0.393326
0.393458
0.393574
0.393691
0.393808
0.393925
0.394042
0.394158
0.394275
0.394392
0.394509
0.394626
0.394742
0.394859
0.394976
0.395093
0.39521
0.395326
0.395443
0.39556
0.395677
0.395794
0.39591
0.396027
0.396159
0.396276
0.396392
0.396509
0.396635
0.396752
0.396869
0.396986
0.397102
0.397219
0.397336
0.397453
0.39757
0.397686
0.397803
0.39792
0.398037
0.398154
0.39827
0.398387
0.398504
0.398621
0.398738
0.398854
0.398971
0.399088
0.39922
0.399336
0.399453
0.39957
0.399696
0.399813
0.39993
0.400046
0.400163
0.40028
0.400397
0.400514
0.40063
0.400747
0.400864
0.400981
0.401098
0.401214
0.401331
0.401448
0.401579
0.401696
0.401813
0.40193
0.402047
0.402164
0.40228
0.402397
0.402514
0.402631
0.402748
0.402864
0.402981
0.403098
0.403215
0.403332
0.403448
0.403565
0.403682
0.403799
0.403916
0.404032
0.404164
0.404281
0.404398
0.404514
0.404631
0.404757
0.404874
0.404991
0.405107
0.405224
0.405341
0.405458
0.405575
0.405691
0.405808
0.405925
0.406042
0.406159
0.406275
0.406392
0.406509
0.406641
0.406757
0.406874
0.406991
0.407108
0.407225
0.407341
0.407458
0.407575
0.407692
0.407809
0.407925
0.408042
0.408159
0.408276
0.408393
0.408509
0.408626
0.408743
0.40886
0.408977
0.409094
0.409225
0.409342
0.409459
0.409575
0.409701
0.409818
0.409935
0.410052
0.410169
0.410285
0.410402
0.410519
0.410636
0.410753
0.410869
0.410986
0.411103
0.41122
0.411337
0.411453
0.41157
0.411687
0.411804
0.411921
0.412037
0.412154
0.412271
0.412403
0.412519
0.412636
0.412753
0.412879
0.412996
0.413113
0.413229
0.413346
0.413463
0.41358
0.413697
0.413813
0.41393
0.414047
0.414164
0.414281
0.414397
0.414514
0.414631
0.414763
0.414879
0.414996
0.415113
0.41523
0.415347
0.415463
0.41558
0.415697
0.415814
0.415931
0.416047
0.416164
0.416281
0.416398
0.416515
0.416631
0.416748
0.416865
0.416982
0.417099
0.417215
0.417347
0.417464
0.417581
0.417697
0.417823
0.41794
0.418057
0.418174
0.41829
0.418407
0.418524
0.418641
0.418758
0.418874
0.418991
0.419108
0.419225
0.419342
0.419459
0.419575
0.419692
0.419824
0.41994
0.420057
0.420174
0.420291
0.420408
0.420524
0.420641
0.420758
0.420875
0.420992
0.421109
0.421225
0.421342
0.421459
0.421576
0.421693
0.421809
0.421926
0.422043
0.42216
0.422277
0.422408
0.422525
0.422642
0.422758
0.422884
0.423001
0.423118
0.423235
0.423352
0.423468
0.423585
0.423702
0.423819
0.423936
0.424052
0.424169
0.424286
0.424403
0.42452
0.424636
0.424753
0.42487
0.424987
0.425104
0.42522
0.425337
0.425454
0.425586
0.425702
0.425819
0.425936
0.426062
0.426179
0.426296
0.426412
0.426529
0.426646
0.426763
0.42688
0.426996
0.427113
0.42723
0.427347
0.427464
0.42758
0.427697
0.427814
0.427946
0.428062
0.428179
0.428296
0.428413
0.42853
0.428646
0.428763
0.42888
0.428997
0.429114
0.42923
0.429347
0.429464
0.429581
0.429698
0.429814
0.429931
0.430048
0.430165
0.430282
0.430398
0.430515
0.430647
0.430764
0.43088
0.430997
0.431123
0.43124
0.431357
0.431473
0.43159
0.431707
0.431824
0.431941
0.432058
0.432174
0.432291
0.432408
0.432525
0.432642
0.432758
0.432875
0.432992
0.433109
0.433226
0.433342
0.433459
0.433576
0.433693
0.433824
0.433941
0.434058
0.434175
0.434301
0.434417
0.434534
0.434651
0.434768
0.434885
0.435001
0.435118
0.435235
0.435352
0.435469
0.435585
0.435702
0.435819
0.435936
0.436053
0.436184
0.436301
0.436418
0.436535
0.436651
0.436768
0.436885
0.437002
0.437119
0.437235
0.437352
0.437469
0.437586
0.437703
0.437819
0.437936
0.438053
0.43817
0.438287
0.438403
0.43852
0.438637
0.438754
0.438885
0.439002
0.439119
0.439236
0.439362
0.439479
0.439595
0.439712
0.439829
0.439946
0.440063
0.440179
0.440296
0.440413
0.44053
0.440647
0.440763
0.44088
0.440997
0.441114
0.441231
0.441362
0.441479
0.441596
0.441713
0.441829
0.441946
0.442063
0.44218
0.442297
0.442413
0.44253
0.442647
0.442764
0.442881
0.442997
0.443114
0.443231
0.443348
0.443465
0.443581
0.443698
0.443815
0.443947
0.444063
0.44418
0.444297
0.444423
0.44454
0.444657
0.444773
0.44489
0.445007
0.445124
0.445241
0.445357
0.445474
0.445591
0.445708
0.445825
0.445941
0.446058
0.446175
0.446292
0.446409
0.446525
0.446642
0.446759
0.446876
0.446993
0.447124
0.447241
0.447358
0.447475
0.4476
0.447717
0.447834
0.447951
0.448068
0.448184
0.448301
0.448418
0.448535
0.448652
0.448768
0.448885
0.449002
0.449119
0.449236
0.449353
0.449469
0.449601
0.449718
0.449834
0.449951
0.450068
0.450185
0.450302
0.450418
0.450535
0.450652
0.450769
0.450886
0.451003
0.451119
0.451236
0.451353
0.45147
0.451587
0.451703
0.45182
0.451937
0.452054
0.452171
0.452302
0.452419
0.452536
0.452652
0.452778
0.452895
0.453012
0.453129
0.453246
0.453362
0.453479
0.453596
0.453713
0.45383
0.453946
0.454063
0.45418
0.454297
0.454414
0.45453
0.454662
0.454779
0.454896
0.455012
0.455129
0.455246
0.455363
0.45548
0.455596
0.455713
0.45583
0.455947
0.456064
0.45618
0.456297
0.456414
0.456531
0.456648
0.456764
0.456881
0.456998
0.457115
0.457232
0.457363
0.45748
0.457597
0.457714
0.45784
0.457956
0.458073
0.45819
0.458307
0.458424
0.45854
0.458657
0.458774
0.458891
0.459008
0.459124
0.459241
0.459358
0.459475
0.459592
0.459708
0.459825
0.459942
0.460059
0.460176
0.460292
0.460409
0.460541
0.460658
0.460774
0.460891
0.461017
0.461134
0.461251
0.461368
0.461484
0.461601
0.461718
0.461835
0.461952
0.462068
0.462185
0.462302
0.462419
0.462536
0.462652
0.462769
0.462886
0.463017
0.463134
0.463251
0.463368
0.463485
0.463602
0.463718
0.463835
0.463952
0.464069
0.464186
0.464302
0.464419
0.464536
0.464653
0.46477
0.464886
0.465003
0.46512
0.465237
0.465354
0.46547
0.465587
0.465719
0.465836
0.465952
0.466069
0.466195
0.466312
0.466429
0.466545
0.466662
0.466779
0.466896
0.467013
0.467129
0.467246
0.467363
0.46748
0.467597
0.467713
0.46783
0.467947
0.468064
0.468181
0.468298
0.468414
0.468531
0.468648
0.468765
0.468896
0.469013
0.46913
0.469247
0.469373
0.469489
0.469606
0.469723
0.46984
0.469957
0.470073
0.47019
0.470307
0.470424
0.470541
0.470657
0.470774
0.470891
0.471008
0.471125
0.471241
0.471373
0.47149
0.471607
0.471723
0.47184
0.471957
0.472074
0.472191
0.472307
0.472424
0.472541
0.472658
0.472775
0.472891
0.473008
0.473125
0.473242
0.473359
0.473475
0.473592
0.473709
0.473826
0.473943
0.474074
0.474191
0.474308
0.474425
0.474551
0.474667
0.474784
0.474901
0.475018
0.475135
0.475251
0.475368
0.475485
0.475602
0.475719
0.475835
0.475952
0.476069
0.476186
0.476303
0.476419
0.476551
0.476668
0.476785
0.476901
0.477018
0.477135
0.477252
0.477369
0.477485
0.477602
0.477719
0.477836
0.477953
0.478069
0.478186
0.478303
0.47842
0.478537
0.478653
0.47877
0.478887
0.479004
0.479121
0.479252
0.479369
0.479486
0.479603
0.479719
0.479845
0.479962
0.480079
0.480196
0.480312
0.480429
0.480546
0.480663
0.48078
0.480897
0.481013
0.48113
0.481247
0.481364
0.481481
0.481597
0.481714
0.481831
0.481948
0.482065
0.482181
0.482298
0.482415
0.482546
0.482663
0.48278
0.482897
0.483023
0.48314
0.483256
0.483373
0.48349
0.483607
0.483724
0.48384
0.483957
0.484074
0.484191
0.484308
0.484424
0.484541
0.484658
0.484775
0.484892
0.485023
0.48514
0.485257
0.485374
0.48549
0.485607
0.485724
0.485841
0.485958
0.486074
0.486191
0.486308
0.486425
0.486542
0.486658
0.486775
0.486892
0.487009
0.487126
0.487242
0.487359
0.487476
0.487593
0.487724
0.487841
0.487958
0.488075
0.488201
0.488318
0.488434
0.488551
0.488668
0.488785
0.488902
0.489018
0.489135
0.489252
0.489369
0.489486
0.489602
0.489719
0.489836
0.489953
0.49007
0.490186
0.490303
0.49042
0.490537
0.490654
0.49077
0.490902
0.491019
0.491136
0.491252
0.491369
0.491495
0.491612
0.491729
0.491846
0.491962
0.492079
0.492196
0.492313
0.49243
0.492546
0.492663
0.49278
0.492897
0.493014
0.49313
0.493247
0.493364
0.493496
0.493612
0.493729
0.493846
0.493963
0.49408
0.494196
0.494313
0.49443
0.494547
0.494664
0.49478
0.494897
0.495014
0.495131
0.495248
0.495364
0.495481
0.495598
0.495715
0.495832
0.495948
0.496065
0.496197
0.496314
0.49643
0.496547
0.496673
0.49679
0.496907
0.497023
0.49714
0.497257
0.497374
0.497491
0.497607
0.497724
0.497841
0.497958
0.498075
0.498192
0.498308
0.498425
0.498542
0.498673
0.49879
0.498907
0.499024
0.499141
0.499257
0.499374
0.499491
0.499608
0.499725
0.499841
0.499958
0.500075
0.500192
0.500309
0.500426
0.500542
0.500659
0.500776
0.500893
0.50101
0.501126
0.501243
0.50136
0.501491
0.501608
0.501725
0.501842
0.501968
0.502085
0.502201
0.502318
0.502435
0.502552
0.502669
0.502785
0.502902
0.503019
0.503136
0.503253
0.503369
0.503486
0.503603
0.50372
0.503837
0.503953
0.50407
0.504187
0.504304
0.504421
0.504537
0.504669
0.504786
0.504903
0.505019
0.505145
0.505262
0.505379
0.505496
0.505613
0.505729
0.505846
0.505963
0.50608
0.506197
0.506313
0.50643
0.506547
0.506664
0.506781
0.506897
0.507014
0.507131
0.507263
0.507379
0.507496
0.507613
0.50773
0.507847
0.507963
0.50808
0.508197
0.508314
0.508431
0.508547
0.508664
0.508781
0.508898
0.509015
0.509131
0.509248
0.509365
0.509482
0.509599
0.509715
0.509832
0.509964
0.510081
0.510197
0.510314
0.51044
0.510557
0.510674
0.510791
0.510907
0.511024
0.511141
0.511258
0.511375
0.511491
0.511608
0.511725
0.511842
0.511959
0.512075
0.512192
0.512309
0.512426
0.512557
0.512674
0.512791
0.512908
0.513025
0.513141
0.513258
0.513375
0.513492
0.513609
0.513725
0.513842
0.513959
0.514076
0.514193
0.514309
0.514426
0.514543
0.51466
0.514777
0.514893
0.51501
0.515127
0.515259
0.515375
0.515492
0.515609
0.515735
0.515852
0.515968
0.516085
0.516202
0.516319
0.516436
0.516552
0.516669
0.516786
0.516903
0.51702
0.517136
0.517253
0.51737
0.517487
0.517604
0.517721
0.517837
0.517954
0.518071
0.518188
0.518305
0.518421
0.518553
0.51867
0.518786
0.518903
0.519029
0.519146
0.519263
0.51938
0.519496
0.519613
0.51973
0.519847
0.519964
0.52008
0.520197
0.520314
0.520431
0.520548
0.520664
0.520781
0.520898
0.52103
0.521146
0.521263
0.52138
0.521497
0.521614
0.52173
0.521847
0.521964
0.522081
0.522198
0.522314
0.522431
0.522548
0.522665
0.522782
0.522898
0.523015
0.523132
0.523249
0.523366
0.523482
0.523599
0.523716
0.523848
0.523964
0.524081
0.524198
0.524324
0.524441
0.524558
0.524674
0.524791
0.524908
0.525025
0.525142
0.525258
0.525375
0.525492
0.525609
0.525726
0.525842
0.525959
0.526076
0.526193
0.52631
0.526426
0.526543
0.52666
0.526777
0.526894
0.52701
0.527142
0.527259
0.527376
0.527492
0.527618
0.527735
0.527852
0.527969
0.528086
0.528202
0.528319
0.528436
0.528553
0.52867
0.528786
0.528903
0.52902
0.529137
0.529254
0.52937
0.529487
0.529604
0.529735
0.529852
0.529969
0.530086
0.530203
0.53032
0.530436
0.530553
0.53067
0.530787
0.530904
0.53102
0.531137
0.531254
0.531371
0.531488
0.531604
0.531721
0.531838
0.531955
0.532072
0.532188
0.532305
0.532422
0.532554
0.53267
0.532787
0.532904
0.53303
0.533147
0.533263
0.53338
0.533497
0.533614
0.533731
0.533847
0.533964
0.534081
0.534198
0.534315
0.534431
0.534548
0.534665
0.534782
0.534899
0.53503
0.535147
0.535264
0.535381
0.535497
0.535614
0.535731
0.535848
0.535965
0.536081
0.536198
0.536315
0.536432
0.536549
0.536665
0.536782
0.536899
0.537016
0.537133
0.53725
0.537366
0.537483
0.5376
0.537717
0.537848
0.537965
0.538082
0.538199
0.538315
0.538441
0.538558
0.538675
0.538792
0.538909
0.539025
0.539142
0.539259
0.539376
0.539493
0.539609
0.539726
0.539843
0.53996
0.540077
0.540193
0.54031
0.540427
0.540544
0.540661
0.540777
0.540894
0.541011
0.541143
0.541259
0.541376
0.541493
0.54161
0.541736
0.541853
0.541969
0.542086
0.542203
0.54232
0.542437
0.542553
0.54267
0.542787
0.542904
0.543021
0.543137
0.543254
0.543371
0.543488
0.543605
0.543736
0.543853
0.54397
0.544087
0.544203
0.54432
0.544437
0.544554
0.544671
0.544787
0.544904
0.545021
0.545138
0.545255
0.545371
0.545488
0.545605
0.545722
0.545839
0.545955
0.546072
0.546189
0.546306
0.546423
0.546554
0.546671
0.546788
0.546905
0.547021
0.547147
0.547264
0.547381
0.547498
0.547615
0.547731
0.547848
0.547965
0.548082
0.548199
0.548315
0.548432
0.548549
0.548666
0.548783
0.548899
0.549016
0.549148
0.549265
0.549381
0.549498
0.549615
0.549732
0.549849
0.549965
0.550082
0.550199
0.550316
0.550433
0.550549
0.550666
0.550783
0.5509
0.551017
0.551133
0.55125
0.551367
0.551484
0.551601
0.551717
0.551834
0.551966
0.552083
0.552199
0.552316
0.552433
0.552559
0.552676
0.552792
0.552909
0.553026
0.553143
0.55326
0.553376
0.553493
0.55361
0.553727
0.553844
0.55396
0.554077
0.554194
0.554311
0.554428
0.554545
0.554661
0.554778
0.554895
0.555012
0.555129
0.555245
0.555377
0.555494
0.55561
0.555727
0.555853
0.55597
0.556087
0.556204
0.55632
0.556437
0.556554
0.556671
0.556788
0.556904
0.557021
0.557138
0.557255
0.557372
0.557488
0.557605
0.557722
0.557839
0.55797
0.558087
0.558204
0.558321
0.558438
0.558554
0.558671
0.558788
0.558905
0.559022
0.559138
0.559255
0.559372
0.559489
0.559606
0.559722
0.559839
0.559956
0.560073
0.56019
0.560306
0.560423
0.56054
0.560657
0.560788
0.560905
0.561022
0.561139
0.561265
0.561382
0.561498
0.561615
0.561732
0.561849
0.561966
0.562082
0.562199
0.562316
0.562433
0.56255
0.562666
0.562783
0.5629
0.563017
0.563134
0.56325
0.563367
0.563484
0.563601
0.563718
0.563834
0.563951
0.564068
0.5642
0.564316
0.564433
0.56455
0.564676
0.564793
0.56491
0.565026
0.565143
0.56526
0.565377
0.565494
0.56561
0.565727
0.565844
0.565961
0.566078
0.566194
0.566311
0.566428
0.566545
0.566662
0.566793
0.56691
0.567027
0.567144
0.56726
0.567377
0.567494
0.567611
0.567728
0.567844
0.567961
0.568078
0.568195
0.568312
0.568428
0.568545
0.568662
0.568779
0.568896
0.569012
0.569129
0.569246
0.569363
0.56948
0.569611
0.569728
0.569845
0.569962
0.570078
0.570204
0.570321
0.570438
0.570555
0.570671
0.570788
0.570905
0.571022
0.571139
0.571255
0.571372
0.571489
0.571606
0.571723
0.57184
0.571956
0.572073
0.572205
0.572321
0.572438
0.572555
0.572672
0.572789
0.572905
0.573022
0.573139
0.573256
0.573373
0.573489
0.573606
0.573723
0.57384
0.573957
0.574074
0.57419
0.574307
0.574424
0.574541
0.574658
0.574774
0.574891
0.575008
0.575139
0.575256
0.575373
0.57549
0.575616
0.575733
0.575849
0.575966
0.576083
0.5762
0.576317
0.576433
0.57655
0.576667
0.576784
0.576901
0.577017
0.577134
0.577251
0.577368
0.577485
0.577601
0.577718
0.577835
0.577952
0.578069
0.578185
0.578302
0.578419
0.578551
0.578667
0.578784
0.578901
0.579027
0.579144
0.579261
0.579377
0.579494
0.579611
0.579728
0.579845
0.579961
0.580078
0.580195
0.580312
0.580429
0.580545
0.580662
0.580779
0.580896
0.581013
0.581144
0.581261
0.581378
0.581495
0.581611
0.581728
0.581845
0.581962
0.582079
0.582195
0.582312
0.582429
0.582546
0.582663
0.582779
0.582896
0.583013
0.58313
0.583247
0.583363
0.58348
0.583597
0.583714
0.583831
0.583947
0.584079
0.584196
0.584313
0.584429
0.584555
0.584672
0.584789
0.584906
0.585023
0.585139
0.585256
0.585373
0.58549
0.585607
0.585723
0.58584
0.585957
0.586074
0.586191
0.586307
0.586424
0.586541
0.586658
0.586775
0.586891
0.587008
0.587125
0.587242
0.587359
0.58749
0.587607
0.587724
0.587841
0.587966
0.588083
0.5882
0.588317
0.588434
0.58855
0.588667
0.588784
0.588901
0.589018
0.589135
0.589251
0.589368
0.589485
0.589602
0.589719
0.589835
0.589952
0.590084
0.5902
0.590317
0.590434
0.590551
0.590668
0.590784
0.590901
0.591018
0.591135
0.591252
0.591369
0.591485
0.591602
0.591719
0.591836
0.591953
0.592069
0.592186
0.592303
0.59242
0.592537
0.592653
0.59277
0.592887
0.593019
0.593135
0.593252
0.593369
0.593495
0.593612
0.593728
0.593845
0.593962
0.594079
0.594196
0.594312
0.594429
0.594546
0.594663
0.59478
0.594896
0.595013
0.59513
0.595247
0.595364
0.59548
0.595612
0.595729
0.595846
0.595962
0.596079
0.596196
0.596313
0.59643
0.596546
0.596663
0.59678
0.596897
0.597014
0.59713
0.597247
0.597364
0.597481
0.597598
0.597714
0.597831
0.597948
0.598065
0.598182
0.598299
0.598415
0.598547
0.598664
0.59878
0.598897
0.599014
0.59914
0.599257
0.599374
0.59949
0.599607
0.599724
0.599841
0.599958
0.600074
0.600191
0.600308
0.600425
0.600542
0.600658
0.600775
0.600892
0.601009
0.601126
0.601242
0.601359
0.601476
0.601593
0.60171
0.601826
0.601943
0.602075
0.602192
0.602308
0.602425
0.602551
0.602668
0.602785
0.602902
0.603018
0.603135
0.603252
0.603369
0.603486
0.603602
0.603719
0.603836
0.603953
0.60407
0.604186
0.604303
0.60442
0.604537
0.604668
0.604785
0.604902
0.605019
0.605136
0.605252
0.605369
0.605486
0.605603
0.60572
0.605836
0.605953
0.60607
0.606187
0.606304
0.60642
0.606537
0.606654
0.606771
0.606888
0.607004
0.607121
0.607238
0.607355
0.607472
0.607603
0.60772
0.607837
0.607954
0.60807
0.608196
0.608313
0.60843
0.608547
0.608664
0.60878
0.608897
0.609014
0.609131
0.609248
0.609364
0.609481
0.609598
0.609715
0.609832
0.609948
0.610065
0.610182
0.610314
0.61043
0.610547
0.610664
0.610781
0.610898
0.611014
0.611131
0.611248
0.611365
0.611482
0.611598
0.611715
0.611832
0.611949
0.612066
0.612182
0.612299
0.612416
0.612533
0.61265
0.612766
0.612883
0.613
0.613117
0.613248
0.613365
0.613482
0.613599
0.613716
0.613841
0.613958
0.614075
0.614192
0.614309
0.614425
0.614542
0.614659
0.614776
0.614893
0.615009
0.615126
0.615243
0.61536
0.615477
0.615594
0.61571
0.615827
0.615944
0.616061
0.616178
0.616294
0.616411
0.616528
0.616645
0.616776
0.616893
0.61701
0.617127
0.617253
0.617369
0.617486
0.617603
0.61772
0.617837
0.617953
0.61807
0.618187
0.618304
0.618421
0.618537
0.618654
0.618771
0.618888
0.619005
0.619121
0.619238
0.619355
0.619487
0.619603
0.61972
0.619837
0.619954
0.620071
0.620187
0.620304
0.620421
0.620538
0.620655
0.620771
0.620888
0.621005
0.621122
0.621239
0.621355
0.621472
0.621589
0.621706
0.621823
0.621939
0.622056
0.622173
0.62229
0.622421
0.622538
0.622655
0.622772
0.622889
0.623015
0.623131
0.623248
0.623365
0.623482
0.623599
0.623715
0.623832
0.623949
0.624066
0.624183
0.624299
0.624416
0.624533
0.62465
0.624767
0.624883
0.625
0.625117
0.625234
0.625351
0.625467
0.625584
0.625701
0.625818
0.625949
0.626066
0.626183
0.6263
0.626426
0.626543
0.626659
0.626776
0.626893
0.62701
0.627127
0.627243
0.62736
0.627477
0.627594
0.627711
0.627827
0.627944
0.628061
0.628178
0.628295
0.628411
0.628528
0.62866
0.628777
0.628893
0.62901
0.629127
0.629244
0.629361
0.629477
0.629594
0.629711
0.629828
0.629945
0.630061
0.630178
0.630295
0.630412
0.630529
0.630645
0.630762
0.630879
0.630996
0.631113
0.631229
0.631346
0.631463
0.631595
0.631711
0.631828
0.631945
0.632062
0.632188
0.632304
0.632421
0.632538
0.632655
0.632772
0.632889
0.633005
0.633122
0.633239
0.633356
0.633473
0.633589
0.633706
0.633823
0.63394
0.634057
0.634173
0.63429
0.634422
0.634539
0.634655
0.634772
0.634889
0.635006
0.635123
0.635239
0.635356
0.635473
0.63559
0.635707
